180 8055
0 44 30
113 124 9000
71 76 3500
139 172 3500
82 152 9000
100 155 30
102 149 30
46 61 9000
20 57 3500
27 163 3500
1 176 9000
28 119 3500
94 144 3500
49 128 30
23 175 9000
94 105 3500
71 134 9000
26 168 30
163 165 10000
166 171 3500
9 133 9000
17 77 30
81 156 3500
94 107 9000
41 69 9000
101 106 10000
83 136 9000
81 158 3500
21 122 3500
38 83 9000
101 138 9000
10 30 30
3 167 9000
36 177 3500
64 75 3500
38 69 9000
62 168 30
45 69 9000
11 88 9000
12 124 9000
69 71 10000
134 161 3500
14 109 3500
42 62 9000
36 89 3500
82 91 3500
21 104 30
102 130 30
91 147 3500
64 176 30
105 149 30
5 113 30
32 150 3500
9 174 30
122 155 3500
50 155 30
112 141 9000
132 143 0
62 97 3500
101 167 3500
56 58 10000
16 63 3500
93 153 3500
16 106 9000
21 130 9000
3 50 9000
5 117 30
70 127 3500
74 128 30
3 75 3500
98 153 9000
94 99 3500
84 113 9000
6 8 10000
41 113 9000
22 79 9000
40 91 9000
58 125 9000
16 118 3500
60 64 10000
12 121 3500
108 145 9000
66 73 3500
59 149 9000
45 133 9000
40 127 3500
116 129 9000
56 171 9000
81 135 9000
108 177 9000
37 84 9000
7 24 3500
66 134 3500
116 121 3500
60 162 9000
50 166 9000
32 87 9000
46 177 3500
73 125 9000
104 134 9000
35 40 3500
5 176 30
5 101 3500
23 141 3500
11 80 3500
98 116 9000
101 152 9000
114 162 3500
62 146 30
17 170 9000
17 135 3500
57 156 9000
39 152 3500
112 177 30
12 85 9000
4 114 30
58 133 9000
3 26 3500
156 174 3500
52 116 9000
43 169 9000
60 82 9000
83 99 3500
30 75 3500
72 131 30
34 155 3500
62 80 9000
101 161 9000
64 79 9000
71 114 3500
53 131 30
5 86 9000
19 140 3500
7 62 3500
13 157 30
137 153 30
8 40 30
28 115 3500
120 169 9000
91 118 9000
57 113 9000
65 109 3500
95 165 9000
3 161 9000
77 122 9000
30 154 3500
87 133 9000
36 141 30
3 18 3500
78 88 9000
49 135 3500
15 21 10000
79 121 9000
37 168 3500
62 100 9000
51 92 30
74 131 30
106 128 9000
4 158 30
89 177 3500
73 124 9000
142 161 3500
80 150 3500
25 119 9000
26 33 10000
57 129 9000
17 23 10000
60 178 9000
62 133 3500
3 171 30
113 171 30
28 151 3500
66 98 3500
29 90 30
62 144 30
98 158 3500
111 138 9000
6 43 30
129 132 3500
9 20 9000
10 66 30
24 164 3500
48 92 30
24 58 9000
71 116 3500
49 126 9000
84 155 3500
9 116 30
139 151 30
9 163 9000
90 146 3500
29 62 30
55 99 3500
138 164 3500
116 141 3500
31 110 9000
20 35 3500
65 95 3500
27 52 9000
29 126 9000
4 11 10000
0 26 30
137 161 9000
133 147 9000
49 157 3500
26 68 30
67 154 9000
32 158 9000
28 101 9000
45 47 10000
60 109 9000
5 95 3500
61 106 3500
41 156 30
8 15 30
43 56 3500
109 138 3500
108 112 10000
32 154 9000
0 64 30
11 27 3500
97 160 3500
23 164 9000
136 163 9000
151 154 10000
34 60 9000
75 92 9000
92 106 3500
55 83 30
37 94 9000
2 66 30
128 163 30
29 100 9000
61 74 3500
73 151 3500
25 29 10000
128 157 9000
129 143 3500
87 164 9000
50 169 3500
37 47 10000
71 139 3500
86 121 3500
6 103 30
105 160 3500
83 122 30
86 148 3500
75 142 9000
32 61 9000
4 90 30
43 97 9000
119 135 3500
58 63 9000
73 148 3500
10 52 30
80 138 9000
154 164 3500
90 110 9000
51 173 3500
141 165 9000
2 128 30
43 47 10000
93 148 3500
0 119 30
20 136 3500
19 51 3500
33 55 9000
6 174 30
125 136 9000
126 153 3500
102 161 9000
43 176 3500
7 102 3500
95 120 9000
62 99 3500
65 171 30
39 52 3500
18 73 9000
58 168 3500
111 161 9000
1 20 3500
24 144 3500
156 175 3500
37 130 9000
10 60 30
67 132 9000
42 64 30
11 168 9000
129 130 0
117 139 9000
25 46 9000
52 169 9000
42 179 9000
72 130 30
79 93 3500
87 136 9000
84 152 9000
41 120 3500
15 113 9000
44 51 9000
79 106 3500
13 39 9000
161 170 3500
86 169 3500
75 149 3500
16 68 3500
26 177 30
121 151 3500
1 168 9000
62 176 30
36 91 3500
1 121 9000
98 124 9000
7 124 30
50 171 9000
13 56 9000
108 119 0
55 82 30
7 162 30
98 137 3500
128 172 9000
33 47 3500
11 29 3500
128 166 9000
135 175 9000
62 87 3500
38 155 9000
78 163 3500
114 148 9000
23 136 9000
78 111 3500
15 150 30
11 55 9000
63 135 3500
140 151 30
37 45 10000
46 65 9000
164 167 10000
98 175 9000
106 121 30
112 162 3500
16 131 3500
105 157 9000
109 154 9000
99 161 3500
124 138 9000
59 164 3500
6 81 30
79 148 9000
39 103 9000
32 140 9000
13 85 9000
15 149 30
58 167 3500
49 149 9000
45 65 30
80 153 3500
18 34 3500
6 88 30
89 129 3500
117 167 3500
107 113 30
116 172 30
123 179 3500
76 77 20
62 155 30
149 176 3500
60 125 3500
145 154 10000
27 160 3500
22 72 9000
62 121 9000
22 116 3500
10 73 30
0 122 30
63 93 3500
30 70 9000
19 33 3500
74 161 9000
92 145 9000
34 53 3500
107 160 3500
1 154 9000
29 146 9000
39 162 9000
57 168 3500
112 138 3500
56 143 3500
94 95 20
76 119 3500
27 118 3500
76 168 30
40 83 30
60 75 3500
47 136 9000
87 97 3500
53 69 30
104 178 3500
46 152 3500
31 95 30
73 171 9000
114 172 30
17 154 9000
139 155 9000
155 176 3500
88 134 9000
0 11 0
134 135 20
62 162 9000
31 154 3500
76 91 9000
67 168 30
150 166 3500
33 105 9000
76 113 9000
104 107 10000
24 33 10000
24 37 9000
18 98 9000
49 108 30
78 92 3500
57 75 9000
122 169 3500
152 170 9000
90 156 30
30 147 9000
53 136 3500
82 173 9000
23 152 9000
30 98 9000
42 171 3500
26 54 9000
57 170 9000
52 130 30
87 137 9000
141 145 9000
98 155 30
2 72 30
0 69 30
6 61 30
74 99 3500
66 80 3500
3 96 3500
154 171 3500
59 144 9000
37 41 10000
53 73 30
75 126 9000
11 121 9000
16 116 9000
57 145 30
86 173 9000
127 178 3500
37 157 9000
4 25 30
8 37 30
147 178 3500
69 106 3500
14 115 9000
57 135 3500
34 55 3500
115 117 10000
49 158 3500
26 175 9000
39 73 9000
16 170 9000
2 91 30
2 73 30
113 118 10000
83 144 3500
97 110 9000
2 4 10000
129 165 30
11 146 30
6 93 30
122 164 30
24 111 3500
115 154 3500
80 112 3500
37 39 10000
7 157 9000
63 109 3500
18 72 9000
86 141 9000
162 164 10000
140 176 3500
98 103 10000
51 76 9000
56 168 3500
94 172 3500
64 164 30
59 155 9000
70 76 3500
50 66 9000
9 123 9000
101 113 9000
49 111 30
95 123 3500
157 159 10000
130 152 3500
124 139 9000
96 163 3500
29 178 30
28 142 30
12 175 9000
74 118 3500
107 173 3500
76 146 3500
65 110 3500
3 44 3500
32 179 30
22 134 3500
102 139 9000
163 164 0
33 115 9000
11 41 9000
113 121 3500
136 161 9000
168 169 20
73 107 9000
27 54 9000
18 143 9000
164 170 9000
33 178 30
3 9 10000
0 67 30
64 94 3500
21 142 3500
89 93 10000
54 118 9000
10 67 30
43 92 3500
60 144 30
105 114 30
29 161 3500
97 133 9000
30 100 9000
84 133 30
38 131 3500
14 154 30
104 136 3500
44 170 9000
68 78 3500
126 132 3500
36 126 3500
109 142 9000
63 79 3500
155 173 3500
77 84 3500
97 130 30
8 77 30
54 175 3500
108 174 9000
15 42 3500
25 102 30
74 172 30
141 148 30
12 99 30
5 91 3500
134 157 3500
3 128 9000
15 23 10000
94 109 30
75 121 30
97 177 9000
22 137 9000
22 129 3500
34 87 9000
141 179 3500
16 19 10000
61 117 3500
6 162 30
1 47 3500
65 165 30
94 152 9000
64 152 9000
76 157 9000
13 109 9000
146 152 10000
27 143 9000
5 80 9000
122 175 9000
4 74 30
94 112 9000
52 95 9000
80 155 9000
116 126 3500
1 175 9000
24 45 3500
16 53 3500
38 148 3500
140 177 3500
105 128 9000
118 142 9000
5 151 9000
31 113 3500
27 179 30
40 133 30
60 131 3500
9 82 3500
109 155 9000
86 109 30
26 137 9000
101 176 3500
83 124 9000
128 150 3500
40 88 9000
32 44 9000
43 83 30
11 76 3500
87 163 30
75 78 10000
3 166 9000
7 43 3500
25 122 9000
68 169 30
15 125 3500
115 177 30
77 113 9000
27 37 3500
65 132 9000
155 158 3500
2 124 30
43 115 9000
11 117 9000
14 170 9000
102 144 30
40 65 30
80 125 9000
47 174 9000
137 177 9000
31 142 30
136 150 30
6 32 30
97 174 3500
11 51 3500
50 150 9000
43 143 30
73 96 9000
51 103 3500
26 106 30
90 155 3500
73 99 3500
84 130 9000
43 44 0
37 44 10000
64 90 9000
54 76 9000
165 170 9000
64 112 9000
24 46 9000
5 107 9000
133 166 9000
44 171 9000
58 144 9000
5 59 9000
107 169 3500
69 139 9000
62 153 30
62 163 9000
6 71 30
47 71 9000
99 167 9000
60 103 3500
43 139 9000
63 144 30
45 73 9000
93 168 3500
97 124 30
120 168 9000
49 85 30
91 96 3500
78 99 9000
70 117 3500
21 52 9000
13 76 9000
29 65 30
77 173 30
41 85 3500
10 59 30
58 95 30
90 118 9000
39 131 3500
28 52 3500
72 156 3500
12 158 9000
90 135 9000
19 156 30
92 133 9000
18 177 9000
131 138 3500
118 160 3500
68 146 30
63 177 30
78 90 9000
118 145 9000
73 83 10000
126 158 30
0 129 30
134 177 3500
148 162 9000
51 142 3500
82 92 3500
19 92 30
8 71 30
7 13 3500
4 145 30
92 123 9000
7 22 3500
11 153 30
98 140 9000
117 135 3500
66 151 9000
38 140 9000
18 122 9000
25 132 30
17 57 3500
37 38 0
99 133 3500
12 127 9000
12 78 9000
94 167 9000
70 144 30
31 35 10000
10 38 30
25 165 3500
37 96 30
56 173 3500
93 150 3500
24 71 9000
84 171 9000
17 34 3500
142 143 20
24 172 9000
5 41 3500
32 152 3500
129 173 9000
15 59 3500
133 172 3500
75 158 3500
28 145 3500
63 148 9000
89 139 30
17 117 9000
79 92 3500
171 175 10000
48 107 9000
146 176 9000
98 99 20
76 96 3500
5 138 9000
49 170 3500
80 85 3500
64 148 9000
76 88 9000
76 123 9000
3 20 9000
77 156 9000
8 154 30
107 137 3500
78 167 9000
86 142 9000
46 127 3500
23 179 9000
76 142 30
57 66 9000
160 178 3500
64 168 30
55 118 9000
51 88 9000
9 104 9000
113 144 3500
84 153 9000
71 125 3500
104 140 9000
155 178 9000
81 160 9000
8 85 30
90 91 20
0 29 30
127 137 9000
80 178 30
157 163 10000
132 153 9000
95 150 3500
19 94 9000
35 111 3500
143 154 9000
44 61 30
9 129 9000
60 160 9000
78 110 3500
37 143 30
77 118 3500
127 140 3500
1 138 30
11 132 9000
44 151 3500
55 177 3500
82 122 30
114 120 3500
20 155 30
38 165 30
131 169 9000
42 167 30
24 124 30
2 59 30
20 38 3500
148 157 3500
124 166 9000
99 152 9000
150 155 10000
72 93 3500
0 41 30
1 130 9000
25 34 10000
0 34 30
26 171 30
113 157 3500
15 147 9000
15 177 9000
66 108 3500
12 102 30
79 138 9000
11 30 3500
61 164 30
92 130 3500
148 166 3500
17 137 3500
63 115 3500
132 174 3500
75 87 9000
24 115 3500
118 149 3500
111 158 3500
35 106 30
71 145 30
46 148 9000
34 106 30
17 176 9000
57 83 9000
9 63 9000
103 154 30
135 168 3500
16 30 9000
107 162 3500
95 96 9000
81 176 9000
51 70 30
114 146 3500
8 142 30
3 4 0
58 138 3500
98 139 3500
33 153 3500
27 45 9000
111 121 3500
0 42 30
91 178 9000
15 179 30
118 138 3500
113 159 9000
110 123 9000
29 64 30
11 164 30
54 68 30
136 149 30
24 90 30
3 176 30
27 84 9000
79 102 3500
44 92 9000
69 156 9000
62 98 3500
30 135 9000
121 134 3500
61 92 9000
47 83 30
45 77 9000
93 157 30
110 124 3500
87 145 9000
32 90 9000
14 104 30
43 174 3500
26 107 30
41 166 30
69 158 9000
3 54 3500
45 98 30
52 58 10000
44 63 9000
15 19 10000
35 171 9000
17 88 30
20 102 30
93 173 9000
66 126 9000
121 177 3500
22 124 9000
28 83 3500
61 70 10000
29 72 3500
84 160 9000
30 153 9000
35 77 3500
27 75 9000
32 63 30
50 174 3500
42 43 20
84 142 30
82 98 3500
9 27 3500
26 37 3500
43 117 9000
35 55 3500
54 148 9000
121 129 10000
20 44 3500
36 77 30
57 61 30
99 132 3500
27 58 3500
7 66 9000
53 86 9000
82 166 3500
66 143 9000
25 35 10000
145 160 3500
115 160 3500
38 137 9000
126 150 9000
5 61 3500
38 173 3500
144 153 10000
8 20 30
99 162 3500
60 61 20
66 116 3500
111 152 9000
75 99 3500
31 112 3500
52 163 3500
92 139 9000
86 154 9000
88 158 9000
70 170 9000
86 159 9000
95 149 3500
89 176 3500
96 169 3500
73 164 9000
79 108 3500
134 158 9000
29 129 9000
3 107 3500
20 108 3500
150 152 10000
20 127 3500
24 179 9000
15 78 30
39 46 10000
73 95 9000
105 144 30
1 131 9000
94 129 3500
80 103 9000
14 94 9000
46 119 30
48 49 20
35 110 3500
69 176 30
71 176 9000
30 33 10000
33 151 3500
59 73 30
61 147 30
75 155 9000
110 129 9000
55 58 10000
10 136 30
82 176 9000
12 168 9000
14 119 3500
13 71 9000
58 163 9000
115 175 30
67 79 9000
19 47 3500
73 114 3500
92 102 3500
41 70 30
68 150 9000
132 162 3500
34 143 30
61 179 9000
23 89 30
135 156 3500
30 65 30
140 145 9000
114 133 3500
102 145 30
30 178 30
103 106 10000
39 82 9000
173 177 10000
67 138 3500
130 177 3500
119 134 3500
13 15 10000
0 177 30
102 176 3500
75 161 9000
77 82 10000
154 166 9000
6 73 30
135 171 3500
73 115 3500
9 134 30
18 167 30
82 127 9000
50 130 9000
0 3 10000
13 108 9000
107 146 9000
40 78 30
12 18 10000
18 148 9000
1 11 10000
111 139 9000
108 179 9000
64 138 3500
7 91 3500
22 84 9000
40 74 9000
33 137 9000
105 109 30
38 43 10000
36 94 9000
34 70 9000
7 132 9000
95 172 3500
7 21 3500
23 86 30
149 179 3500
14 57 3500
55 74 30
45 71 30
51 143 3500
105 108 30
11 101 9000
34 76 3500
18 67 9000
88 177 3500
17 120 3500
71 88 3500
13 36 3500
5 106 9000
54 133 3500
23 98 30
22 30 3500
80 154 9000
33 76 3500
14 127 3500
119 156 9000
61 135 9000
17 115 3500
48 105 3500
65 144 9000
25 131 30
39 81 9000
13 174 9000
51 58 10000
22 68 3500
65 175 9000
152 164 9000
38 77 9000
67 88 9000
33 171 30
64 134 3500
19 147 9000
144 154 10000
17 152 9000
78 104 9000
124 174 3500
48 50 10000
36 51 3500
130 173 3500
95 170 9000
44 72 9000
52 124 9000
15 140 9000
4 60 30
139 143 10000
122 143 3500
50 161 3500
41 98 9000
120 127 10000
26 53 9000
24 137 30
90 130 3500
49 113 9000
91 104 3500
86 136 9000
87 146 3500
14 162 9000
6 176 30
154 168 9000
5 66 9000
32 120 30
118 161 3500
56 119 30
30 156 9000
36 45 10000
12 128 3500
4 64 30
112 127 9000
39 88 3500
21 58 3500
50 136 9000
47 96 30
16 29 9000
29 155 3500
61 129 9000
14 169 30
121 143 9000
38 171 9000
23 176 9000
146 179 3500
86 152 3500
20 93 9000
126 173 3500
91 128 3500
14 116 3500
23 68 3500
139 165 3500
75 130 30
28 168 30
4 150 30
19 61 3500
120 175 3500
125 170 9000
72 179 9000
66 70 10000
144 174 3500
26 95 9000
59 132 9000
12 70 9000
85 120 9000
4 138 30
37 123 3500
18 116 9000
114 138 3500
15 170 9000
48 141 3500
102 119 9000
54 102 9000
33 169 30
121 159 9000
21 148 30
153 170 9000
30 61 9000
17 72 9000
35 76 3500
18 63 3500
4 112 30
33 109 3500
70 120 3500
37 78 30
117 138 9000
63 134 3500
96 103 10000
30 179 30
135 169 3500
83 175 9000
116 134 3500
130 165 9000
97 161 3500
94 135 9000
6 99 30
35 122 9000
119 123 3500
17 114 3500
47 69 9000
20 40 3500
62 91 3500
159 169 3500
31 74 3500
30 176 30
74 95 3500
0 12 30
80 149 3500
62 172 9000
114 166 3500
0 71 30
35 167 3500
98 117 9000
37 69 9000
32 77 3500
37 159 9000
115 136 3500
33 63 30
53 58 10000
28 149 3500
69 171 30
85 124 3500
119 174 9000
72 150 3500
64 89 9000
84 89 10000
27 132 9000
45 145 9000
35 37 9000
81 112 3500
88 143 30
38 154 9000
89 157 30
12 171 9000
63 70 10000
4 87 30
30 110 9000
106 119 30
48 62 9000
21 78 30
8 140 30
97 143 9000
88 96 3500
73 144 3500
117 146 9000
106 139 3500
163 179 3500
11 89 9000
119 161 3500
23 134 3500
99 158 3500
23 46 3500
29 104 9000
21 59 3500
47 138 9000
74 119 3500
80 93 9000
7 36 3500
132 140 10000
21 157 9000
110 136 9000
76 129 9000
68 87 3500
26 43 3500
131 134 3500
95 125 3500
83 100 3500
1 141 30
19 149 9000
47 168 3500
22 117 3500
153 175 3500
17 45 3500
116 130 3500
23 113 3500
136 148 30
2 80 30
68 147 30
67 179 30
116 152 9000
30 86 9000
21 63 9000
77 141 30
62 157 9000
124 177 9000
35 39 3500
2 108 30
85 153 9000
75 94 3500
38 104 30
12 137 9000
92 112 9000
88 153 3500
66 113 9000
168 170 10000
9 65 3500
142 171 3500
118 156 9000
60 163 9000
33 163 3500
123 156 9000
28 124 9000
96 101 10000
19 75 30
12 176 9000
44 78 9000
17 90 30
139 145 9000
101 120 30
128 138 3500
93 97 3500
83 137 9000
22 23 20
93 139 9000
49 162 9000
33 48 3500
126 135 3500
8 89 30
123 136 3500
59 107 9000
5 105 3500
68 157 9000
38 108 30
119 155 9000
107 147 9000
35 115 3500
116 162 9000
92 154 9000
51 158 3500
10 26 30
101 154 30
110 111 20
19 59 9000
53 96 3500
45 84 3500
62 158 9000
49 94 30
68 85 9000
160 174 9000
29 175 9000
1 59 3500
16 23 10000
92 138 9000
103 174 3500
118 155 9000
142 144 9000
135 166 3500
55 159 9000
23 148 30
42 135 30
3 89 3500
11 61 9000
61 141 9000
107 156 3500
124 145 3500
88 171 3500
19 133 9000
121 149 3500
4 84 30
29 63 30
77 170 9000
93 122 9000
88 159 9000
132 163 3500
109 148 3500
3 68 9000
140 167 3500
55 75 30
51 119 30
2 71 30
34 135 9000
65 92 3500
124 173 3500
115 153 3500
9 58 3500
128 179 3500
59 165 3500
28 74 3500
1 66 3500
52 97 3500
134 140 10000
74 162 9000
87 121 3500
69 95 9000
61 93 9000
74 178 30
66 86 3500
146 151 10000
34 64 9000
61 123 9000
130 178 9000
120 163 9000
23 39 9000
14 17 10000
149 158 3500
99 175 9000
104 160 3500
27 178 30
17 36 3500
10 101 30
83 107 9000
113 115 10000
19 137 3500
21 71 3500
1 45 3500
64 93 3500
67 147 9000
16 129 9000
112 151 9000
129 148 3500
61 73 9000
48 124 9000
24 97 30
5 172 30
119 169 9000
128 161 30
34 38 3500
73 133 30
85 129 3500
61 157 30
2 114 30
19 111 9000
23 124 9000
85 123 3500
6 114 30
71 121 3500
85 106 9000
142 149 9000
48 117 30
113 166 3500
53 92 9000
152 179 3500
129 157 9000
6 159 30
107 139 3500
88 139 30
28 164 3500
46 126 3500
88 152 3500
138 141 10000
57 164 3500
94 179 3500
35 90 30
24 160 9000
3 34 3500
79 81 10000
96 168 3500
75 137 9000
33 141 9000
75 145 9000
114 153 3500
35 141 9000
149 155 10000
4 134 30
77 137 9000
55 72 30
60 89 3500
92 119 30
96 113 30
45 52 3500
46 145 3500
94 130 9000
13 141 3500
88 140 9000
140 153 30
45 165 30
141 152 30
149 168 3500
67 167 30
15 168 30
54 161 3500
56 101 3500
10 24 30
11 179 9000
21 172 30
108 146 3500
58 62 9000
26 34 10000
21 41 3500
51 109 30
14 141 9000
132 138 10000
107 112 30
29 124 9000
128 145 3500
118 147 3500
156 172 3500
70 128 9000
150 178 3500
141 172 9000
124 143 3500
18 99 9000
12 27 3500
21 136 3500
48 115 9000
58 148 9000
65 122 3500
70 135 9000
14 66 3500
25 68 9000
23 37 3500
0 134 30
101 149 30
95 139 30
58 105 3500
140 147 30
126 129 10000
32 169 30
86 160 30
41 57 3500
27 109 3500
24 138 30
54 86 9000
36 152 3500
43 160 9000
90 102 9000
52 132 3500
32 125 30
131 145 9000
52 177 3500
17 49 9000
61 137 3500
69 129 3500
117 152 9000
14 118 3500
44 108 30
59 159 3500
16 94 9000
38 132 9000
55 155 30
17 58 9000
70 168 9000
73 150 3500
93 137 9000
65 152 9000
2 45 30
45 154 9000
16 82 9000
97 119 30
100 132 3500
0 160 30
17 100 9000
2 9 10000
65 140 3500
151 175 9000
3 30 9000
37 109 30
90 143 30
112 117 10000
74 147 3500
8 168 30
7 134 9000
25 107 30
9 81 3500
3 141 30
2 3 20
124 135 3500
80 161 9000
49 117 30
19 143 9000
35 164 3500
16 27 3500
41 68 9000
76 122 9000
4 94 30
26 153 3500
93 158 9000
92 156 30
68 126 3500
5 125 30
149 154 10000
58 89 9000
0 153 30
7 33 9000
52 161 3500
9 158 9000
11 45 3500
77 142 30
53 175 3500
82 167 3500
49 83 30
80 142 9000
41 119 9000
39 62 9000
135 177 3500
13 18 10000
62 75 9000
2 23 30
32 34 10000
110 156 3500
16 145 9000
41 138 9000
19 38 3500
158 166 10000
37 165 9000
86 98 9000
25 133 30
16 110 9000
19 44 3500
59 87 30
58 114 9000
41 112 9000
22 164 9000
64 69 10000
19 97 9000
109 136 3500
112 132 3500
72 84 9000
104 149 30
50 104 9000
46 153 3500
92 144 9000
150 160 9000
48 56 10000
90 124 9000
26 82 3500
13 166 30
2 111 30
152 156 3500
42 74 9000
147 162 3500
78 91 9000
60 106 3500
10 150 30
22 50 9000
18 174 30
6 15 30
69 84 9000
119 172 9000
15 120 9000
69 109 3500
69 83 3500
73 159 9000
14 136 3500
26 113 9000
4 47 30
4 31 30
118 158 3500
134 143 10000
92 170 3500
76 152 3500
113 148 9000
25 67 9000
22 49 3500
161 165 10000
4 44 30
130 140 3500
56 131 9000
58 103 3500
23 42 3500
155 156 9000
46 160 9000
124 147 3500
44 135 9000
51 65 9000
23 158 9000
2 142 30
39 112 30
57 160 3500
141 164 9000
103 156 3500
118 157 9000
0 68 30
46 147 3500
125 147 3500
30 54 3500
3 48 3500
28 111 9000
72 110 3500
36 44 10000
104 173 9000
87 169 3500
83 119 9000
158 174 3500
53 149 9000
8 76 30
2 35 30
23 146 9000
31 85 30
11 149 30
12 161 30
67 176 30
60 107 3500
3 118 9000
110 116 10000
141 160 3500
96 157 3500
2 172 30
37 141 30
65 102 3500
72 123 30
31 91 30
94 151 3500
21 57 3500
135 140 10000
131 156 9000
73 169 9000
37 53 3500
13 35 9000
156 171 3500
36 105 30
0 140 30
12 77 9000
4 69 30
10 32 30
60 84 3500
128 170 3500
73 119 9000
85 119 30
125 177 9000
35 114 3500
34 63 9000
7 96 9000
46 164 9000
33 131 30
77 167 9000
161 169 3500
98 150 30
34 93 9000
63 160 9000
37 177 3500
126 165 30
26 108 3500
5 54 3500
13 150 30
171 177 10000
51 156 9000
28 157 9000
64 161 9000
98 170 3500
45 75 9000
49 95 30
21 165 9000
44 104 30
56 179 3500
74 102 9000
34 62 9000
6 154 30
14 98 30
19 52 3500
85 148 3500
31 44 3500
74 146 3500
2 92 30
22 95 9000
44 62 9000
138 149 30
150 165 3500
91 165 9000
43 99 9000
13 165 9000
59 174 9000
48 69 9000
85 126 3500
42 98 9000
28 84 30
31 51 9000
39 170 9000
8 49 30
114 147 3500
100 102 10000
54 99 3500
70 177 9000
3 71 3500
156 170 3500
155 169 9000
61 76 3500
113 160 3500
26 149 3500
49 63 9000
12 64 3500
27 126 30
97 116 9000
131 152 3500
41 146 9000
170 178 10000
23 62 3500
56 166 9000
111 176 30
36 65 9000
64 83 3500
3 139 30
1 117 9000
66 106 9000
29 85 30
71 94 3500
154 162 3500
79 161 3500
71 95 3500
104 141 9000
72 103 3500
28 70 9000
55 172 3500
25 94 30
140 146 30
24 27 10000
16 95 9000
75 146 3500
48 118 30
30 94 30
73 113 3500
103 162 9000
40 103 9000
70 147 30
18 64 9000
112 158 9000
121 145 9000
85 135 9000
54 149 9000
52 59 10000
30 84 30
34 100 30
46 107 30
10 96 30
43 145 3500
33 166 3500
34 39 3500
97 154 9000
101 175 3500
136 165 3500
60 70 10000
104 127 9000
104 139 3500
72 133 30
44 134 9000
119 159 3500
55 61 30
83 148 3500
59 112 9000
119 150 3500
3 77 9000
90 154 3500
85 95 10000
14 79 30
112 165 9000
64 104 3500
59 61 9000
61 178 9000
39 142 9000
83 104 3500
15 72 9000
17 141 3500
142 176 3500
161 171 3500
66 76 9000
34 71 9000
97 114 30
52 101 9000
11 20 3500
105 121 9000
45 61 30
15 97 9000
130 136 3500
108 120 9000
33 92 9000
63 167 9000
3 135 30
66 158 30
113 141 9000
7 156 9000
160 162 10000
24 120 30
38 71 30
56 75 9000
7 99 3500
54 160 3500
106 179 3500
80 124 9000
59 65 9000
162 177 3500
112 137 3500
22 42 3500
126 131 10000
2 33 30
89 94 10000
95 97 9000
10 89 30
64 142 9000
27 36 3500
128 132 3500
9 95 9000
14 148 30
24 153 3500
139 166 3500
66 144 9000
58 143 9000
51 97 3500
160 176 3500
81 101 9000
101 144 30
40 93 3500
33 102 30
30 38 3500
3 153 30
80 176 9000
15 30 3500
70 141 9000
106 113 30
64 127 9000
40 55 9000
74 127 9000
32 41 3500
33 175 9000
97 159 9000
50 151 9000
9 66 3500
49 143 9000
7 59 9000
16 139 3500
151 156 3500
81 146 3500
144 161 3500
113 174 30
164 165 20
125 166 9000
86 124 3500
34 116 3500
20 163 9000
6 75 30
42 108 9000
65 97 9000
57 131 9000
35 53 3500
85 93 10000
27 146 3500
37 87 3500
22 119 9000
93 109 30
16 109 3500
68 73 3500
16 91 30
16 165 9000
57 60 30
108 127 3500
92 126 3500
116 165 3500
69 72 3500
73 104 3500
103 155 30
31 69 30
87 104 9000
30 174 9000
58 164 3500
118 154 9000
73 138 9000
2 70 30
7 172 30
81 92 9000
91 131 3500
4 161 30
19 95 9000
80 177 9000
37 110 9000
82 109 9000
10 64 30
89 96 3500
103 133 3500
138 147 30
141 175 9000
80 171 9000
66 150 9000
119 144 9000
37 176 3500
52 164 9000
72 87 3500
123 145 3500
13 112 3500
79 135 30
50 65 9000
8 97 30
64 121 3500
54 70 30
30 35 10000
5 152 9000
24 125 30
53 74 30
79 133 30
86 110 30
60 65 10000
80 145 9000
10 31 30
32 147 3500
38 75 9000
47 129 3500
173 176 10000
63 132 3500
74 109 3500
13 33 3500
12 126 9000
51 126 9000
9 178 9000
60 118 9000
39 68 9000
7 41 3500
28 147 9000
129 140 9000
40 41 20
69 166 9000
2 96 30
94 143 30
77 146 3500
21 149 30
37 144 3500
94 163 9000
5 93 9000
54 154 30
172 173 20
63 106 3500
107 163 3500
116 158 3500
130 166 9000
35 72 9000
12 134 3500
169 179 10000
71 174 9000
80 89 3500
64 87 3500
95 138 30
89 104 3500
27 33 10000
79 91 9000
37 174 9000
141 149 30
132 161 3500
103 131 30
9 166 9000
104 175 9000
43 135 30
16 136 3500
52 102 9000
55 116 9000
96 127 30
19 98 9000
65 168 30
25 157 3500
121 141 3500
78 103 3500
6 30 30
87 152 3500
120 157 9000
63 166 9000
56 78 9000
63 120 9000
75 167 3500
41 179 9000
112 133 3500
28 81 3500
55 113 9000
31 48 3500
57 136 9000
23 117 3500
104 153 9000
133 168 9000
117 129 9000
14 139 3500
23 161 30
102 137 9000
127 151 9000
17 66 9000
17 94 9000
80 110 9000
117 162 9000
87 101 3500
68 172 9000
57 106 3500
63 162 9000
46 97 30
93 178 3500
78 132 30
28 160 3500
2 44 30
1 18 3500
69 161 9000
27 42 3500
131 133 9000
44 70 30
94 166 9000
88 135 9000
52 92 9000
107 136 3500
133 157 9000
62 166 9000
52 85 9000
168 172 10000
56 57 20
149 150 0
49 70 9000
21 89 9000
1 90 9000
42 113 9000
76 95 3500
27 150 3500
43 154 3500
18 120 3500
107 128 9000
24 150 9000
6 147 30
76 175 30
68 113 3500
131 136 3500
149 172 9000
31 65 30
83 94 9000
18 102 9000
64 136 3500
41 122 9000
64 130 3500
20 83 9000
103 120 30
117 172 30
74 93 9000
39 124 9000
41 67 30
41 77 30
25 87 9000
80 137 9000
68 88 3500
26 73 3500
19 82 9000
153 163 3500
74 160 9000
5 68 3500
26 27 20
148 160 9000
73 108 9000
35 145 3500
31 100 9000
35 64 9000
0 114 30
7 50 3500
138 146 30
99 127 9000
26 45 9000
95 111 30
16 123 9000
136 169 3500
93 140 9000
34 72 9000
98 161 3500
85 163 9000
74 104 3500
2 113 30
18 83 9000
32 103 30
25 130 30
23 44 9000
3 123 9000
21 92 9000
60 145 30
64 150 9000
81 88 3500
35 65 9000
106 129 9000
4 53 30
17 155 9000
57 68 30
5 34 3500
111 142 3500
6 163 30
31 77 9000
90 125 9000
51 56 10000
47 120 9000
37 178 3500
72 153 9000
102 141 3500
33 129 9000
46 173 9000
7 39 9000
8 99 30
54 157 3500
32 102 30
89 116 9000
19 37 3500
41 105 9000
133 176 3500
16 107 9000
45 157 30
17 163 30
93 179 3500
1 70 9000
18 23 10000
59 160 9000
104 148 30
68 82 3500
135 137 10000
121 157 9000
51 104 9000
130 172 3500
64 175 9000
48 99 3500
4 146 30
21 116 3500
149 169 3500
60 91 3500
75 95 3500
114 160 3500
40 110 9000
29 134 9000
112 139 3500
42 79 30
118 141 3500
4 17 30
153 169 3500
47 85 9000
89 169 9000
58 59 20
5 76 3500
52 152 30
14 44 3500
104 142 3500
49 122 30
85 166 9000
101 110 9000
40 140 30
41 101 9000
23 122 3500
27 105 9000
133 134 0
26 50 3500
5 109 9000
11 109 9000
24 82 9000
40 49 3500
39 70 30
129 156 9000
8 33 30
108 176 9000
55 127 9000
6 165 30
2 83 30
121 128 10000
88 162 30
95 107 9000
79 169 30
74 90 3500
40 68 9000
40 43 10000
2 54 30
12 48 3500
47 108 30
37 161 9000
116 147 9000
20 112 9000
104 170 3500
65 150 9000
90 113 9000
83 162 3500
10 51 30
56 120 9000
53 150 9000
65 157 30
22 140 3500
8 131 30
120 166 9000
100 165 3500
38 40 10000
39 63 9000
16 42 9000
2 100 30
114 144 3500
74 80 10000
75 140 9000
60 124 3500
7 98 3500
13 27 3500
18 134 3500
1 5 10000
19 91 30
130 159 9000
67 164 30
1 93 3500
103 152 9000
63 99 3500
29 32 10000
12 73 9000
56 112 9000
83 129 30
13 24 9000
109 165 3500
12 145 30
8 87 30
47 63 9000
45 120 3500
129 150 3500
117 144 3500
62 169 30
13 170 9000
109 161 3500
37 97 30
23 71 9000
121 176 3500
42 156 30
24 50 3500
72 86 3500
68 145 30
90 158 9000
96 149 9000
105 164 3500
133 162 3500
129 154 3500
109 176 9000
56 165 3500
29 94 30
81 148 3500
1 68 3500
22 96 9000
13 37 3500
38 110 9000
8 45 30
11 144 9000
77 159 3500
89 141 9000
52 94 9000
68 119 3500
143 162 3500
20 106 9000
53 143 3500
24 105 9000
5 88 3500
12 169 9000
14 20 10000
58 124 9000
40 101 9000
98 168 3500
59 98 3500
76 141 30
0 112 30
54 156 3500
35 170 9000
58 115 9000
108 116 10000
58 177 3500
70 94 3500
54 93 9000
102 146 9000
10 48 30
25 129 9000
20 70 3500
26 29 10000
84 176 9000
41 46 10000
8 159 30
169 176 10000
108 131 9000
69 163 9000
12 143 3500
37 128 3500
40 99 9000
148 171 3500
147 149 10000
42 75 9000
21 131 9000
36 145 3500
170 171 20
13 104 30
91 158 9000
8 179 30
73 77 10000
88 114 9000
145 179 9000
64 70 10000
97 134 3500
20 89 9000
19 58 9000
66 121 3500
172 177 10000
21 72 9000
86 103 3500
29 95 30
103 160 9000
38 84 3500
78 134 30
139 142 10000
52 114 9000
145 148 10000
78 85 3500
39 120 3500
17 178 30
66 77 9000
28 40 9000
49 101 3500
56 133 3500
4 76 30
106 124 30
64 71 10000
114 169 9000
159 170 9000
34 58 9000
53 158 9000
126 169 3500
54 69 30
85 104 3500
36 108 30
104 145 30
4 67 30
2 155 30
154 159 3500
29 93 9000
29 83 3500
36 42 10000
19 136 3500
39 40 0
99 104 10000
27 64 30
116 161 9000
10 134 30
96 99 10000
37 132 30
66 122 3500
67 125 9000
4 58 30
76 90 9000
98 101 10000
13 173 9000
85 159 9000
27 98 9000
31 52 3500
90 160 30
73 143 30
49 146 9000
17 139 3500
14 101 30
54 127 9000
14 61 3500
69 87 3500
3 65 3500
120 122 10000
136 141 10000
26 55 9000
17 124 3500
168 179 0
78 81 10000
128 130 10000
8 35 30
23 26 3500
29 132 30
141 168 3500
39 158 30
65 94 3500
94 131 9000
72 132 30
34 154 3500
16 48 9000
96 104 10000
22 172 9000
4 52 30
92 173 9000
76 159 3500
132 155 9000
81 139 9000
152 165 9000
51 175 3500
23 127 9000
14 164 9000
54 140 9000
57 173 3500
71 173 9000
55 154 30
47 75 9000
7 67 9000
88 172 3500
22 161 30
127 145 3500
47 178 3500
39 114 30
21 140 9000
101 119 9000
121 167 9000
14 16 10000
9 171 30
78 128 9000
44 138 9000
7 82 3500
20 47 9000
4 108 30
80 84 3500
58 150 9000
8 111 30
64 85 3500
5 118 9000
111 146 9000
76 127 9000
39 159 30
21 112 9000
44 179 3500
86 164 9000
69 137 9000
45 106 30
8 80 30
74 116 9000
126 149 9000
91 172 3500
64 143 9000
30 106 9000
61 140 9000
17 146 9000
49 174 9000
119 133 9000
2 39 30
125 129 10000
133 142 10000
85 103 3500
78 94 3500
1 110 9000
6 38 30
59 109 30
28 114 3500
70 152 30
21 137 3500
13 121 3500
15 57 3500
24 173 9000
4 15 30
27 77 3500
54 111 9000
118 136 3500
65 156 30
5 70 3500
98 111 9000
37 126 3500
24 108 9000
98 133 3500
42 111 9000
144 149 10000
7 47 3500
64 178 30
103 169 9000
79 176 9000
86 174 9000
24 68 9000
98 178 3500
127 174 3500
38 90 3500
38 123 3500
13 119 9000
75 110 9000
4 118 30
138 178 3500
64 103 3500
58 74 30
112 119 10000
43 175 3500
111 127 3500
126 144 3500
22 87 30
32 53 9000
122 158 30
73 140 30
60 97 3500
106 160 3500
53 98 3500
92 166 30
51 123 9000
30 139 30
43 101 9000
23 63 3500
147 173 3500
40 42 10000
54 178 9000
48 133 9000
64 158 30
74 91 3500
91 109 9000
47 143 30
73 172 9000
74 145 9000
117 124 3500
17 25 3500
28 172 9000
24 48 9000
108 117 10000
97 175 3500
41 126 3500
17 177 9000
1 78 3500
27 95 9000
31 40 9000
54 167 3500
160 171 3500
70 116 3500
11 22 9000
14 71 3500
78 133 30
66 96 9000
93 121 3500
81 107 3500
32 86 9000
4 173 30
101 163 9000
6 132 30
28 143 30
25 83 9000
129 169 3500
136 146 30
134 179 3500
15 154 30
71 153 30
57 171 9000
103 126 30
50 72 9000
9 68 9000
110 158 3500
28 32 10000
20 166 9000
57 162 3500
9 83 3500
66 117 3500
86 149 3500
16 40 9000
79 96 3500
55 104 3500
61 155 30
109 162 3500
68 109 3500
79 84 3500
64 108 3500
39 111 9000
20 114 9000
22 53 3500
88 126 9000
69 89 3500
55 166 3500
58 70 9000
30 49 3500
81 170 9000
128 134 9000
16 113 3500
100 177 3500
68 110 9000
59 168 3500
54 60 30
28 177 30
91 107 3500
86 102 3500
42 102 9000
51 122 9000
1 40 9000
12 36 3500
36 85 9000
45 101 9000
101 114 9000
79 154 3500
29 76 9000
24 78 3500
42 68 9000
79 101 3500
6 63 30
31 145 3500
18 139 3500
39 61 30
19 28 9000
69 145 30
46 171 3500
13 81 9000
97 158 9000
135 179 3500
4 178 30
35 130 30
8 123 30
24 176 9000
3 84 9000
63 84 9000
53 95 9000
125 143 3500
7 141 9000
92 178 3500
4 110 30
15 64 3500
120 178 9000
76 78 10000
87 170 3500
14 85 9000
154 179 9000
16 20 10000
111 179 9000
46 54 3500
119 120 9000
31 150 3500
34 137 30
46 59 9000
21 83 9000
7 173 30
89 130 3500
14 74 30
1 64 3500
83 156 3500
89 100 9000
36 111 9000
22 125 9000
146 168 3500
105 161 3500
87 96 3500
3 150 30
112 114 10000
93 166 30
44 156 30
16 78 30
7 148 9000
4 130 30
38 54 3500
107 125 30
65 67 10000
28 146 9000
23 36 3500
27 31 10000
31 49 3500
75 82 10000
52 65 9000
26 139 9000
157 167 10000
55 128 30
32 45 9000
17 121 3500
14 178 30
56 67 9000
43 149 3500
19 21 10000
155 159 3500
17 29 9000
44 169 3500
46 60 9000
90 127 9000
23 96 9000
71 77 3500
82 101 3500
29 131 9000
77 172 30
74 144 9000
112 170 30
63 152 30
17 52 3500
152 155 10000
49 114 9000
65 111 3500
133 135 10000
170 175 10000
74 126 9000
165 174 3500
139 158 3500
112 126 9000
15 110 3500
51 141 3500
42 69 9000
22 151 30
20 34 3500
54 142 3500
54 170 3500
114 145 3500
13 106 9000
51 111 30
40 119 9000
29 111 9000
2 102 30
65 135 3500
27 35 10000
74 79 10000
46 96 30
157 175 3500
45 162 9000
50 52 10000
60 126 3500
113 117 10000
15 137 3500
14 150 30
92 171 3500
60 156 30
10 126 30
103 167 3500
95 156 9000
55 168 9000
50 80 9000
16 45 3500
34 112 3500
7 76 3500
47 51 3500
56 98 9000
56 92 30
77 94 3500
12 133 3500
68 148 9000
7 44 9000
77 166 9000
27 38 9000
46 82 30
32 91 9000
63 71 10000
3 66 3500
119 146 3500
36 101 9000
54 116 9000
11 77 3500
28 98 9000
73 92 3500
68 135 3500
41 176 3500
30 67 30
42 93 3500
24 100 30
48 163 9000
18 68 3500
50 112 9000
83 146 9000
9 159 9000
27 51 3500
126 141 3500
29 145 3500
104 120 9000
46 79 30
61 156 30
10 14 30
8 88 30
50 148 9000
1 26 3500
118 122 3500
13 91 30
20 31 3500
67 127 9000
0 178 30
50 100 3500
78 131 9000
43 72 30
38 163 9000
59 75 30
35 92 9000
89 171 3500
176 178 10000
20 29 3500
87 108 30
4 68 30
66 91 9000
11 79 3500
31 125 9000
138 172 3500
91 119 9000
37 138 9000
102 134 3500
58 75 30
92 116 30
18 56 3500
83 165 9000
52 129 30
35 61 9000
27 94 9000
120 149 3500
62 136 9000
32 131 30
115 128 3500
5 162 30
24 56 3500
46 91 3500
138 173 3500
38 60 30
150 156 3500
18 150 9000
105 125 9000
95 127 3500
29 77 9000
120 146 3500
61 82 9000
61 146 30
58 93 30
30 124 9000
51 60 30
34 41 3500
7 110 30
88 101 9000
84 164 9000
94 162 9000
30 85 30
0 150 30
33 154 9000
159 178 3500
11 83 9000
31 111 9000
12 159 9000
62 134 3500
57 81 9000
95 143 30
3 146 30
20 142 3500
58 69 9000
102 169 9000
27 59 3500
38 161 9000
14 137 3500
57 157 9000
9 80 3500
3 5 10000
41 103 9000
33 69 30
33 127 30
89 143 30
41 139 9000
85 98 3500
72 102 3500
35 152 3500
47 113 30
19 160 30
28 30 10000
54 163 3500
147 169 3500
54 91 9000
60 176 9000
77 86 3500
27 174 9000
18 79 30
51 108 30
31 149 3500
9 15 9000
10 36 30
102 136 9000
73 168 9000
71 79 3500
6 178 30
10 167 30
53 55 10000
0 136 30
22 27 3500
134 178 3500
108 173 9000
23 35 9000
134 147 30
16 147 9000
97 103 10000
145 169 9000
125 169 3500
10 158 30
95 160 9000
27 152 3500
10 100 30
45 177 9000
54 110 9000
59 139 3500
3 108 9000
101 126 30
20 86 9000
21 129 3500
80 151 3500
54 103 9000
31 38 3500
53 126 9000
42 51 3500
17 169 30
85 110 30
6 69 30
100 148 30
123 141 9000
122 157 9000
92 136 9000
44 116 9000
133 145 9000
140 160 3500
14 55 9000
85 170 9000
25 78 3500
67 83 3500
33 101 30
104 117 9000
19 123 9000
21 156 9000
9 48 3500
106 144 9000
156 158 10000
92 146 3500
52 66 9000
11 107 3500
47 86 3500
56 70 30
67 103 3500
1 106 3500
47 121 9000
64 76 9000
27 101 30
75 150 3500
43 109 9000
55 138 3500
119 140 3500
6 140 30
38 47 10000
5 122 30
42 84 3500
28 137 30
30 127 9000
51 125 9000
5 53 3500
51 106 3500
75 91 3500
10 160 30
63 65 10000
112 144 3500
11 126 30
55 149 9000
71 146 30
49 171 3500
18 169 30
73 179 9000
30 142 30
63 95 9000
77 143 30
41 104 9000
135 174 9000
18 112 3500
18 84 9000
39 98 30
66 176 30
64 65 20
50 74 9000
107 155 9000
0 158 30
86 119 30
124 151 9000
24 146 3500
41 56 3500
89 160 30
73 139 9000
81 153 3500
91 156 30
136 158 3500
99 108 30
43 147 9000
30 146 9000
102 177 3500
107 131 30
84 156 9000
10 170 30
65 120 3500
18 127 3500
77 90 9000
45 151 3500
5 31 3500
54 75 30
45 108 30
57 77 9000
92 124 3500
78 177 9000
130 141 3500
45 121 3500
12 167 30
21 117 3500
144 171 3500
161 168 3500
2 5 10000
56 158 3500
108 149 3500
146 149 10000
29 38 3500
1 136 30
30 133 30
27 89 9000
84 101 3500
80 174 30
11 50 3500
51 155 30
117 169 9000
57 150 9000
75 132 9000
42 67 30
98 108 30
26 60 9000
19 85 9000
35 144 3500
30 129 9000
1 170 9000
124 179 3500
67 143 9000
36 56 3500
98 165 3500
9 98 9000
84 88 10000
50 124 9000
5 52 3500
65 82 3500
3 60 3500
27 170 30
71 166 30
12 45 9000
5 19 9000
120 150 3500
42 105 9000
35 79 3500
13 178 9000
112 128 3500
147 164 9000
34 74 3500
44 76 9000
127 167 9000
58 87 30
19 119 3500
130 162 9000
7 11 10000
99 168 3500
20 129 3500
10 92 30
90 97 3500
18 59 9000
90 147 3500
8 130 30
110 163 9000
7 122 30
20 128 3500
111 155 3500
91 159 9000
156 167 0
120 171 3500
14 96 9000
76 167 9000
15 175 30
121 155 9000
157 174 3500
47 80 9000
29 158 3500
32 98 9000
67 157 30
23 90 30
90 142 30
79 123 9000
97 113 30
81 164 3500
55 69 30
23 166 30
140 165 9000
15 134 9000
5 154 9000
25 177 9000
140 173 9000
61 121 3500
1 123 30
6 80 30
13 64 3500
0 100 30
151 158 3500
56 121 9000
136 155 9000
8 24 30
16 74 30
4 132 30
29 98 9000
70 161 9000
2 125 30
1 54 9000
31 177 30
47 58 9000
10 37 30
36 139 9000
76 80 10000
11 178 9000
112 174 30
17 96 9000
55 106 3500
33 53 9000
43 137 9000
57 128 9000
121 144 9000
1 147 30
71 104 9000
4 98 30
14 146 9000
96 135 3500
20 76 30
4 50 30
34 160 9000
64 153 9000
169 170 0
58 107 9000
28 50 9000
0 110 30
49 87 30
30 165 3500
50 87 30
124 172 3500
35 177 9000
107 111 9000
34 77 3500
88 155 3500
22 74 9000
25 51 3500
102 116 9000
35 174 9000
27 159 9000
31 56 9000
0 99 30
59 97 9000
128 152 9000
12 65 3500
128 142 3500
28 130 9000
118 159 3500
27 173 9000
40 166 30
83 153 9000
87 174 9000
2 153 30
29 117 9000
103 157 3500
73 121 30
62 79 3500
20 167 9000
121 133 9000
44 117 9000
55 77 9000
160 175 9000
59 110 30
22 37 3500
146 173 3500
13 129 3500
138 144 9000
94 114 9000
90 92 10000
41 110 9000
10 46 30
8 115 30
122 173 9000
104 132 3500
13 28 3500
14 123 3500
85 134 9000
123 129 10000
20 173 30
36 135 30
3 53 3500
30 87 9000
107 179 3500
50 179 3500
12 25 9000
56 87 30
16 58 9000
17 26 3500
37 122 3500
54 64 9000
29 51 9000
66 74 3500
59 96 9000
89 178 9000
142 168 9000
69 168 30
83 125 9000
30 42 9000
108 142 9000
79 159 3500
20 90 9000
3 13 3500
77 168 30
14 38 3500
47 149 9000
48 70 9000
11 96 3500
47 169 3500
26 159 9000
0 81 30
5 46 3500
17 140 3500
28 38 3500
56 174 3500
122 131 10000
9 37 9000
71 160 9000
71 101 3500
85 137 30
29 165 3500
108 165 3500
130 151 3500
78 158 3500
70 175 9000
19 127 3500
115 138 3500
66 101 3500
36 151 9000
28 175 9000
149 151 10000
56 167 9000
8 68 30
60 114 3500
47 97 30
58 106 9000
34 142 30
117 178 9000
93 117 30
76 151 9000
8 79 30
61 136 3500
59 92 30
71 143 3500
142 169 9000
32 166 3500
52 157 3500
43 163 9000
102 167 3500
18 60 3500
130 137 3500
31 73 3500
2 8 10000
141 151 30
12 46 3500
26 38 9000
127 162 30
5 67 9000
42 95 3500
92 111 30
99 118 30
25 156 3500
96 178 3500
6 85 30
65 161 9000
35 73 9000
51 146 30
16 115 3500
162 175 9000
50 115 9000
98 104 10000
13 29 3500
85 165 9000
48 160 9000
126 139 9000
71 113 3500
77 126 9000
14 152 9000
33 97 30
35 41 3500
7 14 3500
55 143 3500
62 129 3500
4 96 30
57 90 9000
22 110 3500
71 162 9000
17 48 9000
52 96 3500
25 73 9000
59 145 9000
144 166 9000
55 59 10000
42 97 9000
4 83 30
118 174 9000
27 107 30
52 72 30
86 177 3500
65 176 30
61 89 3500
1 95 3500
77 164 3500
146 164 9000
13 131 3500
60 155 30
83 91 3500
90 138 30
113 123 3500
129 134 9000
88 128 3500
14 112 9000
74 92 9000
28 121 9000
90 149 9000
5 51 3500
97 155 9000
51 150 9000
49 76 9000
11 14 3500
15 84 9000
109 113 10000
78 121 9000
115 163 3500
79 126 9000
102 103 20
44 90 3500
29 141 9000
18 71 3500
133 159 3500
19 161 30
66 131 3500
70 108 9000
115 147 3500
37 100 9000
168 176 10000
139 164 3500
164 166 10000
99 150 30
63 153 30
116 168 9000
80 141 9000
57 123 9000
20 51 3500
145 146 0
43 121 3500
58 162 9000
123 176 3500
116 118 10000
14 28 3500
0 172 30
60 134 9000
49 93 30
103 142 3500
20 146 9000
80 111 9000
55 108 9000
73 94 9000
69 111 9000
53 129 30
32 42 3500
128 135 9000
110 157 3500
14 155 30
15 152 9000
15 81 30
18 165 9000
1 113 9000
35 91 30
136 137 20
134 163 3500
38 76 9000
41 160 9000
15 164 9000
51 64 9000
65 137 3500
2 47 30
76 174 30
121 174 3500
17 142 9000
4 42 30
44 127 9000
121 170 3500
97 170 9000
125 163 30
31 58 3500
125 157 9000
55 174 3500
89 150 9000
24 136 30
55 95 9000
21 75 30
11 125 30
3 163 9000
50 173 3500
85 139 30
121 164 9000
7 45 9000
86 151 3500
89 140 9000
72 134 30
61 87 9000
63 110 9000
11 106 3500
89 161 30
70 105 9000
36 164 9000
37 135 30
41 58 3500
3 92 3500
130 158 9000
46 118 30
112 123 3500
13 103 30
64 105 3500
47 101 9000
64 169 30
140 179 3500
94 158 9000
17 112 3500
56 153 30
112 160 3500
28 85 30
23 38 9000
43 168 9000
119 131 9000
21 90 9000
30 152 9000
121 154 9000
0 120 30
75 172 30
14 176 9000
57 62 30
48 152 9000
7 54 3500
43 111 9000
44 145 9000
38 66 30
22 147 9000
15 91 9000
36 99 30
22 82 9000
83 92 3500
73 157 3500
113 172 30
122 150 3500
129 133 3500
7 95 3500
7 32 9000
11 15 3500
84 163 9000
49 125 9000
45 81 9000
128 148 3500
42 58 3500
80 139 9000
18 95 9000
41 158 30
94 160 9000
121 158 9000
123 170 3500
139 154 9000
8 102 30
60 74 3500
39 50 9000
46 83 30
19 90 30
57 130 9000
13 154 30
46 141 30
14 76 30
3 24 3500
39 178 3500
25 113 3500
119 173 9000
75 114 3500
6 172 30
44 149 3500
108 152 3500
9 78 9000
37 108 30
147 161 3500
14 77 30
101 148 30
43 50 3500
96 173 3500
34 162 9000
15 139 3500
53 140 9000
64 155 9000
12 80 9000
138 163 9000
68 174 9000
73 82 10000
80 169 30
137 171 9000
25 85 30
58 122 30
53 160 3500
57 82 9000
96 177 9000
25 111 3500
7 152 9000
33 68 30
19 158 9000
98 126 9000
114 154 3500
15 158 9000
32 159 9000
5 84 3500
71 117 3500
89 153 3500
45 129 3500
23 177 9000
17 162 30
148 152 10000
74 113 3500
33 50 3500
9 153 30
13 32 3500
92 152 3500
84 157 9000
38 57 9000
56 103 3500
22 83 9000
35 98 9000
5 126 30
2 116 30
144 179 9000
21 50 3500
41 157 30
96 108 30
10 16 30
90 114 9000
21 80 30
105 147 9000
5 131 9000
150 151 20
69 149 9000
3 12 3500
5 65 9000
69 82 3500
66 120 3500
115 178 9000
23 140 3500
44 163 9000
9 55 3500
99 160 3500
27 50 3500
44 49 3500
58 100 3500
1 22 9000
15 123 3500
162 168 3500
88 161 30
66 138 3500
59 172 9000
61 158 30
77 81 10000
82 153 9000
24 112 3500
47 107 30
101 129 9000
119 163 3500
151 162 9000
43 161 9000
40 148 3500
31 94 30
5 47 3500
51 67 9000
160 168 3500
131 154 9000
92 105 9000
48 146 9000
95 117 30
61 128 9000
104 137 3500
52 76 9000
118 163 3500
100 135 3500
74 94 3500
80 87 9000
19 135 3500
58 99 3500
35 96 30
17 166 30
132 166 9000
5 153 9000
95 146 9000
60 136 3500
37 118 30
119 132 9000
51 115 9000
8 28 30
72 118 9000
19 25 3500
21 123 3500
109 171 9000
88 130 3500
6 66 30
16 57 3500
59 66 9000
29 115 3500
82 175 9000
25 99 9000
100 161 9000
25 158 3500
50 51 20
139 148 30
12 156 30
6 9 10000
5 92 9000
6 104 30
65 179 30
42 53 9000
135 141 10000
67 69 10000
71 131 3500
38 86 9000
0 117 30
36 118 30
57 98 9000
7 136 9000
121 166 9000
56 139 9000
50 158 3500
98 127 9000
16 126 3500
76 93 3500
114 129 3500
7 56 3500
172 179 10000
13 160 30
2 156 30
168 177 10000
116 140 3500
81 167 3500
150 173 9000
12 110 3500
70 104 9000
33 39 9000
23 130 3500
6 148 30
95 122 3500
58 147 9000
75 160 9000
0 154 30
82 150 3500
49 80 30
17 159 9000
37 104 30
63 172 9000
128 133 3500
17 27 3500
13 143 3500
32 157 3500
4 51 30
90 122 3500
4 10 10000
65 133 9000
108 153 3500
87 166 30
120 174 3500
11 176 9000
45 147 3500
5 99 3500
22 107 9000
98 142 3500
98 177 3500
124 160 30
58 77 9000
94 138 30
94 146 9000
120 159 9000
47 172 9000
80 122 30
56 175 3500
115 155 3500
88 160 30
83 118 9000
9 42 3500
0 82 30
75 108 3500
127 164 30
6 58 30
58 76 9000
7 168 9000
16 138 3500
36 133 30
61 165 30
35 95 30
91 179 9000
14 32 9000
141 163 3500
47 118 30
19 23 10000
120 139 3500
26 49 3500
68 100 9000
35 149 9000
4 107 30
51 77 9000
51 83 9000
44 53 3500
24 69 9000
27 49 3500
31 119 3500
14 59 3500
38 113 30
4 86 30
10 65 30
35 126 30
75 115 3500
12 20 10000
107 109 30
129 170 3500
27 134 9000
76 172 30
21 69 9000
35 46 9000
67 84 3500
21 170 9000
29 166 9000
152 161 3500
131 167 9000
52 125 9000
3 134 30
77 103 3500
55 158 9000
55 63 30
37 67 9000
1 100 9000
39 153 3500
162 170 3500
16 65 9000
132 169 9000
29 167 9000
52 143 3500
121 123 10000
96 155 9000
23 157 30
6 152 30
58 109 30
40 47 10000
30 91 30
19 121 3500
44 174 3500
24 84 30
66 172 9000
45 68 9000
154 176 3500
16 127 3500
122 167 9000
48 112 9000
11 23 9000
60 81 3500
14 177 9000
56 86 30
116 151 3500
81 154 9000
41 60 30
48 77 9000
16 96 9000
137 165 3500
0 121 30
94 159 9000
61 131 3500
46 73 30
64 137 3500
100 119 9000
26 143 9000
11 92 3500
110 175 30
67 102 3500
17 97 9000
165 172 3500
106 153 9000
17 38 3500
90 153 3500
1 139 30
82 102 3500
5 160 30
59 83 30
60 85 3500
19 69 3500
29 75 3500
84 121 9000
47 119 30
19 80 30
35 102 30
47 140 30
4 8 10000
31 32 0
20 66 3500
12 14 10000
29 106 9000
27 171 30
105 118 30
84 179 3500
78 126 9000
19 22 10000
110 167 3500
15 153 9000
72 171 9000
77 158 3500
37 120 9000
29 50 9000
96 109 30
161 176 3500
90 178 9000
72 159 9000
40 129 9000
119 168 9000
110 128 9000
51 53 10000
128 141 9000
43 118 9000
1 179 9000
132 156 9000
78 142 30
62 125 3500
78 143 30
99 169 3500
112 175 30
38 136 9000
64 81 3500
56 63 30
101 174 3500
23 105 30
124 142 3500
48 104 3500
137 169 3500
5 44 9000
30 52 3500
23 107 9000
11 46 3500
92 163 30
29 36 3500
108 144 9000
51 170 9000
115 159 9000
83 139 9000
64 116 3500
77 138 9000
18 161 30
69 120 9000
8 59 30
3 15 9000
4 35 30
86 118 30
51 159 3500
7 48 9000
17 56 3500
68 92 3500
94 115 9000
36 62 9000
116 137 9000
11 47 3500
35 71 9000
11 169 9000
26 146 3500
70 156 30
84 103 3500
61 110 3500
28 47 3500
72 162 3500
30 90 30
20 164 9000
117 151 3500
61 160 9000
33 145 9000
149 171 3500
48 74 30
118 119 20
27 130 30
72 146 9000
67 166 30
89 144 3500
6 137 30
12 116 3500
104 146 9000
77 99 9000
48 137 3500
37 148 9000
30 117 9000
23 61 9000
80 144 9000
49 51 10000
67 145 9000
82 90 3500
75 177 9000
1 155 9000
3 142 9000
2 89 30
71 110 3500
148 178 3500
23 29 3500
165 179 3500
30 105 9000
63 116 9000
121 169 9000
66 153 9000
116 173 30
35 134 9000
74 105 3500
69 153 30
49 56 10000
126 136 9000
2 99 30
22 65 3500
56 147 30
122 142 3500
35 119 9000
36 123 3500
32 67 30
0 104 30
47 142 30
53 94 9000
142 146 9000
103 137 9000
3 40 3500
44 128 3500
94 127 3500
29 67 30
83 110 3500
78 174 30
151 168 3500
11 18 3500
20 105 30
149 159 3500
56 77 9000
49 177 3500
115 150 9000
0 54 30
16 24 3500
109 178 9000
1 99 3500
24 54 3500
35 157 3500
47 111 9000
95 148 3500
11 165 30
10 39 30
4 13 30
121 138 3500
99 146 9000
132 149 9000
53 85 9000
14 113 9000
63 129 3500
40 138 9000
133 156 9000
26 58 3500
49 78 9000
108 172 9000
91 121 3500
22 32 3500
53 142 3500
4 169 30
17 82 9000
36 142 30
72 91 3500
64 151 9000
97 146 9000
74 149 3500
2 86 30
62 177 30
83 138 9000
102 173 3500
4 39 30
102 133 3500
127 169 3500
1 62 3500
62 101 9000
136 144 9000
47 89 3500
28 104 9000
32 160 3500
25 65 9000
38 94 3500
94 176 9000
51 84 30
78 169 30
98 160 3500
4 75 30
54 55 20
95 140 9000
78 98 9000
126 166 9000
8 57 30
21 175 30
71 175 9000
127 134 3500
115 171 30
49 50 0
31 133 30
27 113 9000
54 139 3500
3 32 3500
67 86 3500
12 22 10000
23 58 3500
58 121 30
154 167 9000
47 131 9000
128 143 3500
3 45 3500
121 156 9000
73 98 3500
19 170 9000
10 174 30
39 115 30
21 147 9000
18 22 10000
123 169 3500
86 101 3500
11 108 9000
63 124 3500
62 142 3500
11 70 9000
102 121 30
92 103 3500
73 128 30
10 149 30
6 101 30
39 79 9000
62 170 30
93 113 9000
59 175 9000
6 60 30
149 167 3500
55 167 3500
16 176 9000
105 176 3500
133 150 9000
52 140 9000
66 165 30
65 78 9000
27 100 30
2 140 30
37 119 30
50 96 3500
32 132 9000
12 173 9000
10 122 30
20 85 9000
59 78 9000
66 83 3500
32 68 30
0 156 30
56 125 9000
10 77 30
113 126 9000
49 88 9000
26 129 9000
21 168 30
111 129 9000
46 89 3500
75 85 3500
75 111 9000
51 132 3500
70 71 20
160 165 10000
23 60 9000
21 160 9000
40 66 30
22 62 3500
136 160 9000
53 105 3500
63 112 3500
26 125 30
23 54 3500
131 139 3500
81 122 30
33 161 3500
73 156 3500
30 168 30
0 1 20
49 138 3500
115 139 3500
3 88 3500
35 113 3500
76 138 9000
12 96 9000
136 176 9000
20 39 3500
1 4 10000
25 93 9000
147 167 3500
45 171 9000
78 115 9000
60 117 3500
107 123 9000
7 53 3500
50 120 9000
42 175 3500
37 129 3500
41 134 30
3 156 9000
34 65 9000
8 47 30
46 48 9000
13 31 3500
53 174 3500
104 155 30
49 68 9000
72 79 10000
8 122 30
96 130 30
124 162 30
124 129 10000
151 172 9000
27 103 30
161 167 10000
40 97 9000
40 159 30
59 161 9000
24 117 3500
120 129 10000
70 171 9000
111 137 9000
137 139 10000
34 101 30
45 156 30
166 176 3500
133 141 10000
86 153 3500
5 89 3500
19 146 9000
96 128 9000
63 143 3500
117 134 3500
4 142 30
46 159 9000
45 66 30
67 155 9000
71 178 9000
7 79 3500
103 107 10000
72 115 3500
64 179 30
22 178 9000
78 147 3500
9 61 3500
25 56 3500
21 114 9000
22 109 9000
83 134 30
31 88 30
111 123 9000
93 133 9000
65 80 3500
28 178 30
38 130 3500
11 123 30
80 170 9000
31 84 30
54 83 30
38 92 9000
28 152 9000
24 61 9000
146 148 10000
29 157 9000
69 108 3500
33 75 9000
136 167 3500
9 142 9000
59 121 30
8 52 30
41 55 9000
143 151 9000
82 170 9000
92 125 3500
10 61 30
11 19 3500
103 163 9000
12 21 10000
78 102 3500
51 86 30
42 61 30
0 93 30
63 74 9000
21 62 9000
111 170 30
49 124 9000
72 170 9000
89 155 3500
3 133 9000
24 39 3500
57 138 9000
6 121 30
90 112 9000
55 162 3500
40 161 9000
13 162 30
10 123 30
131 164 9000
88 109 9000
55 144 30
114 116 10000
3 119 9000
142 174 3500
14 90 9000
35 137 30
28 148 3500
2 150 30
72 108 9000
29 91 30
4 119 30
1 116 9000
31 109 3500
81 138 9000
22 67 3500
26 93 9000
12 49 3500
52 53 20
36 66 9000
91 93 10000
27 110 3500
131 132 9000
14 99 30
22 88 30
88 133 30
8 67 30
89 149 9000
77 91 9000
82 140 30
42 165 30
132 177 3500
52 106 3500
82 108 9000
6 27 30
89 173 3500
147 151 10000
138 161 9000
10 114 30
23 45 9000
17 148 9000
99 123 9000
122 127 10000
138 165 3500
13 102 30
76 87 3500
167 171 3500
29 37 3500
20 99 30
79 110 3500
126 148 9000
77 136 9000
86 133 9000
43 130 3500
18 106 9000
68 137 9000
132 151 9000
99 179 3500
92 162 30
52 176 3500
45 114 30
76 177 9000
126 130 10000
2 159 30
100 129 9000
2 121 30
98 114 30
125 160 30
33 132 9000
44 69 9000
54 176 3500
97 172 3500
45 90 3500
19 126 3500
18 87 30
102 120 30
8 106 30
66 133 9000
20 49 3500
68 161 9000
88 156 30
65 145 9000
57 72 9000
20 23 10000
16 164 9000
19 30 9000
58 142 9000
7 81 9000
55 115 9000
82 106 9000
115 118 10000
7 138 9000
50 121 9000
48 68 9000
48 128 30
93 118 30
11 135 30
50 172 3500
72 165 9000
85 167 9000
40 70 30
6 123 30
51 177 9000
58 173 9000
9 39 3500
10 62 30
79 94 3500
7 61 3500
37 142 30
151 177 3500
18 176 9000
39 127 9000
23 87 30
10 144 30
5 132 9000
94 120 9000
36 92 3500
31 67 30
72 77 10000
104 115 30
100 158 3500
163 175 9000
117 130 3500
37 51 3500
26 94 9000
136 159 3500
22 93 30
122 179 3500
103 165 3500
40 63 9000
3 39 3500
53 163 3500
52 139 3500
122 141 9000
77 169 30
58 85 30
34 50 3500
28 153 9000
42 124 3500
20 156 9000
135 154 9000
81 165 3500
91 111 9000
135 146 30
145 152 10000
7 26 9000
173 178 10000
96 123 9000
79 151 9000
43 122 9000
69 92 3500
0 147 30
1 89 9000
9 132 9000
24 123 9000
17 18 0
32 178 30
47 151 9000
41 94 3500
56 149 9000
11 161 30
77 134 30
22 28 3500
19 168 30
59 166 3500
17 21 10000
31 176 30
122 159 30
38 79 9000
125 172 3500
34 95 30
49 57 10000
28 154 3500
103 114 9000
19 32 3500
51 129 9000
19 40 9000
82 168 9000
27 48 3500
38 98 30
96 112 30
106 170 9000
132 165 3500
17 37 3500
86 108 30
25 89 30
38 169 3500
10 104 30
69 126 3500
63 159 9000
36 68 9000
14 63 9000
45 149 3500
39 157 30
65 90 9000
32 56 3500
30 74 3500
50 67 9000
42 126 3500
97 106 10000
21 154 30
6 96 30
26 39 9000
31 97 9000
4 125 30
21 176 9000
51 80 9000
44 55 3500
0 123 30
59 150 9000
84 122 3500
4 159 30
75 136 9000
70 172 9000
125 167 9000
27 61 9000
43 104 9000
91 98 3500
155 175 3500
50 89 9000
67 97 9000
37 163 9000
14 88 9000
92 118 30
19 134 3500
96 148 9000
36 154 3500
128 169 3500
41 49 3500
50 134 3500
140 164 9000
63 118 3500
48 71 9000
18 129 9000
133 155 9000
21 87 9000
1 173 9000
33 61 9000
111 112 0
75 131 30
100 103 10000
54 112 9000
154 177 3500
23 144 30
28 87 9000
30 64 30
123 147 9000
66 170 30
1 38 3500
77 140 30
36 129 3500
16 133 9000
28 91 30
45 64 30
103 109 9000
30 68 30
100 147 9000
22 41 3500
55 134 9000
152 167 3500
56 130 9000
124 140 3500
143 160 3500
90 157 30
74 176 9000
6 118 30
67 129 3500
96 153 9000
135 144 9000
1 96 3500
14 70 3500
70 136 3500
134 168 3500
28 66 30
18 26 3500
69 118 3500
82 179 9000
28 65 30
21 73 9000
6 76 30
0 17 30
46 178 3500
76 99 9000
16 92 30
50 118 30
38 127 9000
16 135 3500
16 142 9000
110 146 9000
59 118 30
45 49 3500
139 156 3500
114 139 3500
39 87 9000
22 35 9000
6 122 30
3 7 10000
54 179 9000
14 175 30
41 42 0
10 42 30
32 112 9000
61 142 3500
24 47 9000
57 177 9000
110 141 3500
63 92 3500
34 107 30
37 175 9000
30 163 3500
91 161 30
66 111 3500
0 52 30
142 147 9000
170 172 10000
27 124 30
60 100 3500
29 127 9000
48 125 9000
101 179 9000
107 141 3500
53 90 9000
7 89 3500
112 147 3500
4 33 30
21 155 30
98 169 3500
20 59 3500
57 140 3500
15 114 9000
10 70 30
116 123 9000
51 157 9000
70 149 9000
7 18 9000
37 105 30
9 173 30
16 122 9000
41 66 30
30 45 3500
3 62 9000
4 80 30
33 60 9000
91 116 9000
9 14 9000
148 155 10000
8 166 30
85 175 3500
0 170 30
97 164 9000
29 143 30
11 91 9000
106 152 9000
51 164 3500
91 171 3500
18 113 3500
21 44 3500
83 84 9000
88 167 30
12 57 9000
16 143 9000
83 93 3500
129 167 9000
7 165 30
88 107 3500
72 125 9000
1 80 3500
11 35 9000
36 155 3500
72 140 30
40 118 9000
26 75 9000
41 153 9000
23 120 3500
56 102 3500
54 122 30
18 53 3500
44 167 30
38 159 30
157 171 3500
32 50 3500
51 169 3500
68 167 9000
9 24 3500
70 126 3500
18 62 3500
115 135 9000
84 110 30
44 121 3500
7 92 9000
52 166 3500
135 165 9000
102 179 9000
6 11 10000
42 103 9000
51 102 3500
102 115 9000
45 93 9000
122 140 9000
109 159 3500
17 130 3500
13 164 9000
33 80 9000
26 119 3500
21 106 9000
72 163 3500
61 148 9000
39 125 9000
6 52 30
153 173 3500
43 76 30
39 92 9000
50 99 9000
62 115 3500
48 175 9000
31 78 9000
42 63 9000
106 134 3500
15 138 3500
68 171 30
70 153 30
53 116 9000
125 174 3500
153 174 3500
121 150 3500
8 38 30
49 61 9000
80 121 30
79 175 30
119 138 3500
55 98 3500
144 169 9000
0 126 30
9 96 3500
68 90 3500
119 157 9000
143 166 9000
14 25 3500
0 63 30
53 155 30
69 78 3500
103 151 30
74 154 9000
30 55 3500
141 177 3500
96 151 9000
45 131 3500
37 59 9000
14 157 9000
81 109 3500
2 13 30
159 163 10000
118 169 9000
19 26 3500
125 173 3500
70 125 3500
174 178 10000
59 114 9000
71 177 9000
11 75 3500
38 107 30
98 159 3500
9 124 9000
5 81 9000
20 147 9000
15 47 9000
6 169 30
50 152 30
22 77 9000
8 128 30
134 148 30
15 100 30
19 71 3500
18 138 3500
22 98 30
60 127 3500
57 64 9000
24 167 3500
144 158 3500
145 167 9000
48 100 3500
89 123 3500
12 42 3500
173 175 10000
21 138 3500
21 127 3500
45 60 30
57 121 9000
46 108 30
21 128 3500
104 151 30
45 142 9000
38 162 9000
125 151 9000
78 141 30
54 101 9000
15 146 9000
42 106 9000
8 133 30
31 37 3500
88 178 9000
56 172 3500
17 40 9000
48 151 9000
63 178 30
10 146 30
29 41 9000
18 124 3500
106 155 9000
61 84 3500
106 120 30
150 154 10000
111 114 10000
112 125 9000
9 11 10000
116 145 3500
78 139 9000
146 157 3500
121 126 10000
101 121 30
20 88 9000
143 149 9000
35 70 9000
75 143 9000
96 134 3500
25 128 9000
115 151 9000
47 81 9000
72 168 9000
71 112 3500
143 152 9000
63 150 9000
8 174 30
120 143 9000
41 154 3500
48 169 3500
55 78 9000
30 143 30
85 97 9000
2 115 30
7 119 9000
11 175 9000
41 75 9000
29 58 3500
102 123 9000
146 158 9000
131 158 9000
48 113 9000
12 117 3500
35 131 30
2 164 30
49 103 3500
8 156 30
28 123 9000
71 124 3500
4 135 30
9 19 3500
92 174 9000
147 176 9000
0 131 30
125 133 3500
3 17 3500
15 60 3500
37 169 3500
19 110 9000
1 57 3500
4 81 30
83 178 9000
120 123 10000
36 148 9000
42 85 3500
49 112 9000
86 161 30
15 56 3500
69 164 9000
30 122 9000
64 173 9000
124 132 3500
56 93 30
137 172 3500
152 162 3500
19 56 3500
32 134 9000
47 116 9000
6 34 30
116 171 30
41 133 30
81 91 3500
98 110 9000
71 137 3500
4 157 30
119 178 9000
68 175 9000
8 84 30
102 128 9000
65 79 9000
56 100 3500
5 71 3500
82 154 3500
29 31 10000
36 97 30
64 114 9000
25 126 30
141 159 9000
68 138 9000
33 42 3500
103 164 3500
50 129 9000
105 107 10000
25 62 9000
38 51 9000
69 135 3500
4 154 30
54 61 30
22 108 9000
45 173 3500
35 93 9000
62 94 9000
91 94 10000
50 146 30
0 176 30
31 144 3500
63 102 9000
95 157 9000
72 106 9000
16 163 30
82 141 30
16 114 3500
31 68 30
18 152 9000
12 63 3500
67 95 3500
3 8 10000
77 127 9000
146 154 10000
99 129 9000
18 21 10000
32 71 9000
10 45 30
16 125 3500
159 165 10000
83 86 3500
9 147 30
44 107 30
89 133 30
2 20 30
43 113 9000
4 148 30
140 168 3500
35 150 9000
62 159 9000
49 166 3500
62 84 9000
153 178 3500
48 150 9000
50 57 10000
112 167 3500
41 106 9000
66 142 9000
104 164 3500
32 124 30
152 166 3500
11 94 3500
67 105 3500
111 141 3500
26 59 3500
3 151 30
124 161 30
75 105 3500
8 82 30
7 75 9000
133 146 9000
20 121 9000
43 136 9000
26 97 30
63 119 3500
10 68 30
15 129 3500
22 36 3500
101 130 30
96 110 9000
101 150 30
0 167 30
97 173 3500
35 88 30
84 107 9000
2 171 30
2 85 30
25 173 9000
22 141 3500
26 88 9000
55 111 9000
100 111 9000
22 176 9000
123 152 9000
90 108 9000
51 147 30
132 170 3500
13 177 9000
52 111 9000
141 157 3500
37 116 9000
106 114 30
132 167 9000
46 143 30
77 179 30
53 112 9000
33 41 3500
18 27 3500
39 110 9000
115 167 3500
43 153 9000
34 164 3500
101 159 3500
26 150 3500
15 98 30
35 45 3500
65 177 30
112 121 3500
9 161 9000
4 100 30
160 164 10000
32 115 9000
7 100 3500
77 98 9000
18 80 30
7 64 9000
129 144 3500
79 104 9000
3 148 30
53 110 9000
169 172 10000
78 124 9000
7 27 9000
10 145 30
21 48 3500
13 107 9000
18 49 9000
127 159 30
8 91 30
19 108 3500
114 131 3500
72 75 10000
24 130 30
65 126 9000
52 126 9000
104 177 3500
15 118 3500
54 79 9000
5 37 3500
3 103 3500
78 107 3500
117 123 9000
10 133 30
14 75 30
75 162 9000
30 130 9000
39 156 30
134 175 9000
66 107 9000
36 54 3500
96 159 9000
50 127 9000
112 178 9000
70 111 3500
46 172 9000
24 168 9000
147 156 3500
158 168 3500
10 78 30
110 179 9000
14 40 3500
35 107 30
69 159 9000
91 122 3500
138 171 9000
44 86 9000
96 166 3500
133 173 3500
93 163 30
13 89 30
165 175 3500
34 49 9000
58 176 3500
84 93 10000
8 31 30
24 140 9000
36 150 9000
3 16 3500
87 92 10000
23 153 9000
15 122 3500
86 150 3500
126 174 3500
114 136 3500
50 143 3500
19 87 30
90 111 9000
1 19 3500
21 67 3500
4 92 30
5 175 30
107 153 9000
64 171 30
87 142 9000
58 78 9000
135 151 30
117 121 3500
52 178 9000
13 69 3500
123 137 3500
158 176 9000
88 90 10000
8 90 30
46 175 9000
99 100 0
78 116 3500
124 152 3500
125 159 30
44 85 3500
102 175 3500
144 176 3500
43 69 9000
114 130 3500
2 151 30
109 141 3500
79 88 9000
0 179 30
126 127 20
116 156 3500
98 141 9000
115 173 30
38 105 30
30 40 9000
42 78 30
16 39 3500
111 153 9000
40 105 9000
47 102 9000
5 14 3500
106 107 20
118 150 3500
51 75 9000
114 176 30
33 43 3500
0 23 30
108 157 9000
61 170 9000
28 63 30
18 117 9000
92 107 3500
28 120 9000
33 177 30
70 90 3500
3 57 9000
45 70 30
39 107 30
47 59 9000
116 143 3500
65 138 3500
93 177 3500
28 80 3500
106 167 3500
57 127 9000
118 168 9000
76 101 3500
66 69 10000
7 58 9000
28 42 9000
60 79 3500
35 109 9000
157 164 10000
85 131 9000
81 102 9000
30 63 30
25 31 10000
27 65 30
61 149 9000
2 55 30
17 44 3500
30 41 9000
136 142 10000
6 28 30
30 58 3500
49 151 9000
101 136 9000
123 134 9000
56 146 30
51 174 3500
33 123 9000
120 147 3500
171 172 0
89 113 9000
73 79 10000
34 139 30
111 171 30
71 152 30
6 141 30
61 115 3500
33 82 3500
29 130 9000
82 113 3500
100 146 9000
9 44 3500
67 124 9000
95 134 9000
124 127 10000
106 151 9000
38 100 9000
124 178 3500
24 139 30
93 114 9000
48 155 9000
17 126 3500
148 163 9000
143 145 9000
91 142 30
33 117 3500
14 36 9000
31 172 9000
69 76 3500
69 133 3500
51 82 9000
59 128 30
9 21 9000
10 87 30
61 139 3500
62 151 9000
41 161 9000
122 135 9000
101 141 3500
138 155 9000
126 143 3500
88 166 30
80 83 10000
137 141 10000
9 50 9000
4 16 30
1 28 3500
118 170 9000
75 118 3500
38 118 30
68 156 9000
22 70 9000
120 148 3500
9 135 30
85 168 3500
88 127 9000
29 176 30
26 160 3500
35 169 9000
37 147 3500
32 43 3500
22 55 3500
141 144 9000
151 161 9000
22 75 9000
29 101 9000
52 113 9000
0 97 30
112 134 9000
21 45 3500
138 139 20
169 175 10000
35 75 3500
42 134 30
33 120 30
172 174 10000
98 162 3500
92 134 9000
95 106 9000
18 109 3500
36 137 9000
25 143 30
48 87 30
148 177 3500
37 172 9000
59 103 3500
42 46 10000
63 114 3500
57 118 30
112 166 3500
30 97 9000
110 178 9000
57 97 3500
104 128 9000
93 152 3500
54 141 9000
130 156 9000
75 103 9000
82 148 3500
97 104 10000
103 144 30
18 40 9000
5 38 9000
12 29 3500
62 70 10000
72 158 9000
16 38 3500
19 132 9000
52 64 9000
65 93 3500
67 156 30
29 118 3500
14 163 9000
47 158 9000
71 170 9000
71 133 3500
78 83 10000
129 162 30
94 154 3500
109 115 10000
43 80 9000
15 24 3500
59 140 3500
72 139 9000
44 162 9000
160 173 9000
4 62 30
123 155 3500
2 176 30
95 101 3500
68 170 30
94 110 30
108 109 20
110 127 3500
3 162 9000
83 149 3500
127 155 3500
7 57 3500
19 96 9000
139 153 30
80 100 9000
158 160 10000
49 106 9000
61 69 10000
6 29 30
9 107 3500
88 144 3500
102 152 9000
80 119 3500
24 95 30
83 87 3500
48 129 30
54 108 9000
8 178 30
7 88 3500
2 48 30
99 109 30
58 82 30
126 134 3500
41 97 9000
83 177 9000
1 67 3500
18 128 9000
147 171 9000
96 175 3500
155 174 3500
64 122 3500
33 128 9000
49 136 3500
15 96 9000
55 93 9000
88 97 3500
12 69 3500
23 91 30
36 107 30
59 129 30
44 52 3500
87 112 9000
48 149 9000
0 102 30
10 86 30
5 124 30
6 136 30
99 149 30
73 167 3500
85 94 10000
91 123 3500
45 116 9000
42 150 3500
25 175 9000
18 41 9000
2 42 30
7 145 9000
118 162 3500
12 61 9000
107 143 9000
20 32 9000
51 100 3500
63 171 30
30 73 3500
55 126 9000
117 156 3500
11 158 30
107 115 30
57 154 30
51 137 9000
120 172 3500
158 163 10000
162 172 9000
11 66 3500
69 102 9000
155 167 9000
16 67 9000
46 167 9000
113 137 3500
29 109 3500
4 82 30
42 158 30
114 140 9000
31 140 9000
5 26 9000
171 179 10000
105 179 3500
127 136 9000
7 109 9000
75 176 9000
159 168 3500
9 169 9000
52 147 30
106 157 3500
5 149 9000
74 148 3500
74 81 10000
54 62 30
82 114 3500
74 83 10000
15 124 3500
11 33 3500
127 171 9000
9 31 9000
51 118 30
33 173 9000
108 168 9000
21 103 30
13 73 9000
88 106 3500
127 130 10000
126 146 3500
64 163 9000
61 152 30
5 111 30
148 170 3500
43 127 3500
142 159 3500
22 115 3500
12 71 9000
20 21 20
70 160 9000
82 149 3500
34 121 30
75 129 30
85 101 3500
84 94 10000
52 82 30
17 138 3500
53 153 30
3 121 9000
115 123 3500
103 149 30
51 61 30
111 156 3500
73 84 9000
47 117 9000
21 135 9000
39 85 3500
0 128 30
92 121 3500
120 160 9000
33 172 9000
42 153 9000
14 110 3500
26 144 9000
60 90 3500
151 174 9000
113 133 3500
13 59 3500
74 155 9000
64 149 9000
70 154 30
39 42 10000
78 138 9000
12 178 9000
63 161 9000
0 74 30
55 92 9000
166 168 9000
27 29 10000
23 65 3500
22 154 30
109 139 3500
90 95 10000
36 134 30
9 60 3500
21 110 3500
97 139 3500
40 169 9000
107 130 30
1 149 30
81 145 9000
76 92 3500
45 87 9000
22 71 9000
110 138 9000
0 56 30
59 72 30
31 80 3500
52 171 3500
29 150 3500
33 93 9000
30 83 3500
84 98 3500
75 97 3500
41 109 9000
25 159 3500
118 173 9000
64 109 3500
36 47 0
49 104 3500
23 94 9000
82 112 3500
6 55 30
141 143 10000
99 116 9000
37 91 3500
114 119 10000
80 165 3500
69 107 3500
44 100 9000
24 77 3500
41 171 3500
24 122 9000
42 137 9000
94 106 9000
75 157 3500
4 32 30
16 35 3500
78 159 3500
81 97 3500
25 97 30
21 26 9000
16 178 30
94 156 9000
119 121 9000
135 142 10000
76 170 9000
20 77 30
59 68 9000
106 123 9000
8 23 30
17 149 9000
59 100 3500
43 102 9000
0 162 30
125 156 9000
65 142 9000
24 34 10000
147 157 3500
58 79 9000
102 142 3500
36 106 30
147 166 3500
65 68 10000
123 142 3500
36 165 9000
1 178 9000
68 129 3500
144 165 3500
37 56 3500
169 178 10000
38 144 9000
125 165 30
147 153 10000
64 101 3500
98 109 30
113 116 10000
98 106 10000
41 73 30
105 174 9000
27 44 9000
21 146 9000
55 66 9000
68 168 30
5 140 9000
15 50 3500
106 156 3500
34 111 3500
110 147 9000
63 141 3500
16 146 9000
161 174 9000
34 176 9000
11 162 30
66 75 3500
73 166 3500
127 138 9000
15 48 3500
67 133 9000
19 60 3500
88 121 3500
74 87 9000
26 130 30
39 57 9000
69 160 9000
56 96 3500
48 90 9000
45 148 3500
29 113 3500
5 96 9000
70 109 9000
77 88 9000
1 94 3500
57 169 3500
49 173 9000
112 153 3500
132 175 3500
28 51 9000
38 164 30
56 145 30
49 90 9000
6 124 30
105 169 3500
71 108 9000
95 100 3500
107 118 30
81 98 3500
90 115 9000
52 165 9000
4 14 30
20 48 3500
47 135 30
28 79 9000
12 17 10000
55 130 30
68 70 10000
45 140 9000
38 120 3500
27 141 9000
1 143 9000
42 147 9000
25 64 9000
43 108 9000
40 116 9000
84 161 9000
25 141 9000
145 147 10000
125 175 3500
18 126 3500
56 108 30
147 148 0
7 23 3500
63 89 3500
90 172 3500
50 92 30
77 148 9000
94 141 9000
78 146 3500
22 59 3500
30 126 9000
125 161 30
119 166 9000
36 170 3500
86 114 9000
66 129 3500
15 159 9000
65 71 10000
52 145 30
7 52 3500
14 81 30
41 76 30
131 166 9000
56 99 9000
12 83 9000
11 116 9000
41 96 9000
59 176 3500
159 177 9000
132 139 10000
72 142 30
72 137 9000
45 137 9000
1 167 9000
25 52 3500
94 148 3500
124 128 10000
28 37 3500
5 30 3500
52 123 30
20 135 9000
29 125 9000
38 99 30
99 122 9000
72 141 30
73 147 9000
17 53 3500
82 139 9000
54 132 3500
28 139 30
11 58 3500
138 159 3500
122 123 20
4 5 20
92 117 30
134 150 30
123 125 10000
1 76 3500
15 130 9000
5 10 10000
99 153 9000
126 157 9000
26 172 9000
49 65 9000
151 157 3500
108 128 3500
88 129 3500
149 156 3500
71 167 30
82 115 3500
44 98 30
88 99 3500
53 128 30
13 70 9000
82 143 30
30 170 30
119 129 3500
64 144 9000
130 131 20
46 135 30
28 72 3500
45 85 3500
92 108 30
31 103 9000
35 139 30
98 146 9000
4 56 30
58 96 9000
111 163 9000
148 176 3500
44 119 30
33 140 9000
5 141 9000
139 157 3500
95 176 9000
42 173 3500
17 174 30
45 146 3500
35 153 3500
85 142 30
68 136 9000
12 56 9000
126 138 9000
88 164 9000
14 166 9000
38 175 3500
112 118 10000
22 58 3500
8 25 30
108 151 3500
50 107 3500
63 97 3500
9 117 30
9 17 3500
2 56 30
125 178 3500
54 159 9000
17 33 3500
111 118 10000
145 176 3500
1 71 9000
14 134 9000
5 82 3500
22 56 9000
63 94 9000
22 136 9000
76 117 3500
39 53 3500
31 122 9000
69 86 3500
3 116 30
2 90 30
162 165 10000
23 97 9000
103 122 9000
43 119 9000
105 127 9000
24 89 30
89 115 9000
48 95 30
64 68 10000
4 133 30
62 143 3500
70 131 3500
160 172 9000
2 12 30
14 46 9000
5 17 9000
45 128 3500
51 138 9000
69 90 3500
106 148 9000
23 109 9000
113 140 9000
72 169 9000
76 145 3500
83 116 3500
134 164 9000
146 172 3500
81 130 30
102 112 9000
86 117 30
43 85 3500
22 126 9000
158 170 9000
32 60 9000
47 160 9000
105 167 9000
22 76 9000
50 68 30
17 164 9000
59 151 9000
77 114 9000
140 169 3500
44 105 30
40 160 9000
98 138 3500
7 12 3500
101 157 3500
14 145 30
61 91 3500
3 22 3500
45 86 9000
97 147 9000
81 90 3500
85 155 3500
111 134 3500
84 162 9000
30 140 9000
62 130 9000
63 122 3500
18 175 30
84 140 9000
26 71 9000
105 143 3500
78 101 3500
97 162 3500
49 147 9000
117 126 3500
142 148 9000
10 171 30
4 65 30
16 69 3500
97 98 0
10 176 30
74 125 9000
53 99 3500
31 136 30
21 29 3500
91 102 9000
153 158 9000
38 101 9000
127 166 9000
80 168 30
46 98 30
27 139 9000
100 138 9000
34 98 9000
79 170 9000
8 44 30
102 110 9000
46 67 9000
68 177 30
31 45 3500
103 145 30
30 157 9000
66 114 9000
159 166 10000
29 88 30
34 124 30
4 116 30
45 102 9000
57 126 9000
28 165 3500
61 127 3500
14 48 3500
48 102 3500
47 161 9000
27 46 3500
73 122 30
151 163 9000
48 57 10000
109 167 9000
44 118 30
76 176 9000
43 110 9000
59 62 9000
63 125 3500
32 165 9000
39 90 3500
87 139 9000
75 109 3500
32 82 3500
43 103 9000
37 103 9000
3 93 3500
119 162 3500
106 164 9000
67 148 9000
19 42 9000
7 19 9000
23 135 3500
30 141 9000
9 100 3500
86 140 9000
61 78 3500
21 162 9000
20 65 3500
114 179 9000
12 172 9000
115 130 3500
14 80 30
40 87 3500
17 119 3500
26 48 3500
98 113 30
39 144 9000
41 118 9000
63 175 9000
28 64 30
86 157 30
73 97 9000
106 110 9000
43 133 30
19 179 30
83 155 3500
22 179 9000
159 162 10000
49 100 3500
5 146 9000
9 121 9000
95 132 30
122 134 9000
17 109 3500
8 86 30
38 82 9000
2 126 30
1 53 9000
91 155 3500
4 88 30
127 144 3500
54 134 9000
61 97 3500
15 108 3500
6 44 30
42 146 9000
38 72 9000
36 79 30
14 147 9000
63 169 30
28 126 9000
22 81 9000
148 172 9000
77 106 3500
95 161 9000
50 140 3500
118 140 3500
1 32 3500
138 145 9000
3 61 3500
170 177 10000
78 84 3500
13 74 9000
99 105 10000
68 141 3500
8 96 30
24 51 3500
94 173 3500
125 128 10000
8 60 30
8 144 30
70 106 3500
59 157 3500
68 160 9000
61 68 10000
68 107 3500
3 19 3500
34 147 3500
61 111 3500
85 138 30
42 116 9000
95 147 9000
70 86 9000
37 83 30
83 174 9000
27 156 3500
13 148 30
54 130 30
19 104 9000
82 161 3500
6 48 30
5 74 9000
127 154 3500
47 156 9000
15 104 30
32 126 30
127 129 10000
47 91 3500
177 178 0
69 150 9000
132 141 10000
101 178 9000
20 71 3500
121 172 3500
116 136 9000
16 49 9000
48 139 3500
48 61 9000
119 142 9000
20 78 30
78 97 3500
75 179 30
38 167 30
15 53 9000
91 145 3500
60 152 30
76 94 3500
60 168 9000
73 116 3500
70 95 3500
92 137 9000
123 175 9000
88 102 9000
11 157 9000
62 119 3500
109 127 3500
102 162 9000
4 144 30
50 86 30
52 98 3500
65 73 3500
55 70 30
88 124 9000
44 97 30
8 150 30
70 146 30
68 131 9000
108 130 9000
81 103 9000
20 131 9000
14 21 10000
77 107 3500
33 144 9000
5 77 3500
111 162 9000
8 173 30
19 54 3500
116 119 10000
116 178 9000
13 144 30
43 78 30
62 149 9000
13 22 10000
2 21 30
60 66 10000
21 105 30
18 136 3500
101 127 30
54 121 30
106 122 9000
45 113 30
18 101 9000
9 175 30
167 177 3500
28 118 3500
60 77 3500
118 120 9000
52 146 30
48 89 9000
38 61 30
144 160 3500
29 153 9000
126 177 9000
3 23 3500
15 43 3500
28 135 9000
95 163 9000
54 147 30
30 56 9000
80 166 3500
48 93 30
9 35 3500
110 162 9000
49 53 10000
6 53 30
65 151 9000
62 175 9000
83 108 9000
39 64 30
98 148 30
113 142 3500
81 140 9000
151 179 3500
64 170 30
104 172 9000
165 169 3500
21 118 3500
116 144 3500
119 136 3500
35 142 30
93 165 9000
41 174 3500
44 71 30
38 73 9000
0 30 30
49 172 9000
91 126 9000
52 56 10000
40 73 30
144 175 3500
50 149 9000
47 61 9000
110 118 10000
51 166 9000
74 108 3500
122 128 10000
53 171 3500
88 125 9000
80 147 3500
36 110 9000
57 85 30
88 175 3500
36 168 3500
68 164 9000
49 139 3500
107 135 3500
120 151 3500
93 160 30
68 152 30
39 95 3500
41 114 9000
66 123 3500
46 170 3500
135 147 30
21 54 9000
81 171 9000
70 75 3500
5 147 9000
40 143 30
43 112 9000
21 163 9000
50 153 30
126 176 9000
97 129 9000
22 94 9000
18 179 30
51 113 9000
83 126 9000
53 154 30
59 115 9000
59 113 9000
34 79 3500
14 102 30
49 77 9000
48 145 9000
74 151 3500
18 44 3500
98 119 30
15 87 9000
62 92 3500
66 102 3500
14 172 30
20 53 9000
43 157 30
137 140 10000
154 173 3500
53 79 9000
61 171 9000
41 141 30
146 155 10000
134 160 3500
14 103 30
149 161 9000
15 136 3500
10 154 30
139 177 9000
62 147 30
24 60 9000
18 153 9000
3 87 3500
46 142 30
58 98 3500
41 149 3500
33 62 30
54 172 3500
21 102 30
25 44 3500
75 139 9000
150 176 3500
72 129 30
10 112 30
129 135 9000
46 151 9000
109 168 9000
75 76 0
88 157 30
16 61 3500
44 124 9000
73 178 9000
22 143 3500
63 101 9000
54 151 9000
77 104 9000
110 151 3500
42 131 3500
85 125 3500
81 125 9000
70 114 3500
4 105 30
5 120 9000
59 125 9000
30 118 3500
62 86 3500
1 164 30
79 125 9000
60 142 3500
78 100 3500
47 82 30
15 61 3500
76 131 9000
72 124 9000
2 17 30
18 163 30
19 70 3500
64 82 3500
87 148 3500
43 131 3500
33 164 9000
91 132 30
58 166 3500
100 134 3500
75 173 30
130 171 3500
52 104 3500
51 107 3500
46 81 9000
110 170 30
1 124 30
24 175 9000
12 115 3500
9 122 9000
12 16 10000
114 151 9000
93 112 9000
35 165 3500
15 77 30
39 161 9000
37 166 9000
85 114 9000
33 124 30
11 84 3500
137 150 30
15 27 9000
130 169 9000
14 56 3500
28 127 9000
31 75 3500
158 177 9000
71 107 3500
23 56 9000
76 98 9000
36 124 3500
18 121 3500
0 155 30
23 159 9000
57 176 9000
5 69 3500
17 64 9000
127 157 9000
95 159 9000
127 170 9000
41 159 30
35 156 3500
9 151 30
109 177 9000
146 147 20
4 93 30
66 177 30
32 57 3500
97 150 9000
54 113 9000
47 74 9000
24 40 3500
87 118 30
81 137 9000
134 162 3500
97 151 9000
145 178 9000
49 64 9000
86 137 9000
1 160 30
28 110 9000
81 161 9000
17 59 9000
5 18 9000
25 162 9000
42 155 3500
138 170 9000
26 40 3500
49 74 30
23 40 3500
0 96 30
131 162 9000
148 169 3500
20 26 9000
47 159 9000
112 145 3500
35 78 3500
26 67 30
30 158 3500
120 165 9000
0 157 30
88 163 30
123 135 9000
35 74 3500
28 33 10000
22 120 3500
6 65 30
24 132 30
51 168 3500
87 144 9000
113 139 3500
127 177 9000
44 83 9000
28 105 9000
98 157 9000
59 130 30
19 49 9000
115 156 3500
34 173 9000
56 106 3500
89 162 30
109 153 3500
77 144 3500
98 102 10000
26 28 10000
144 168 9000
34 158 3500
113 173 30
99 164 3500
138 140 10000
63 107 3500
14 35 3500
55 176 3500
40 144 3500
49 120 30
102 158 3500
119 124 3500
174 179 10000
116 174 30
7 114 30
118 129 3500
84 174 3500
31 47 3500
34 52 3500
96 150 9000
59 80 30
2 103 30
4 136 30
3 49 3500
11 13 9000
23 47 3500
25 123 9000
18 141 3500
107 134 3500
175 177 10000
25 134 9000
33 98 9000
4 170 30
20 45 3500
96 145 9000
0 105 30
6 39 30
3 98 9000
8 64 30
51 178 3500
45 126 9000
79 98 9000
24 145 3500
61 71 10000
22 123 3500
15 75 30
56 111 30
68 74 9000
91 117 9000
4 122 30
7 140 9000
126 168 3500
18 144 9000
47 105 30
81 152 3500
9 28 9000
130 147 3500
49 160 9000
1 137 30
110 121 3500
127 150 9000
133 140 10000
79 89 9000
33 113 9000
130 146 3500
2 75 30
43 124 3500
44 47 10000
63 127 3500
40 128 9000
73 123 30
79 145 3500
144 155 0
117 153 9000
17 99 9000
70 122 9000
147 175 3500
31 164 3500
30 162 3500
14 174 30
102 164 3500
73 158 9000
76 82 10000
52 141 9000
139 162 9000
79 95 3500
2 57 30
1 162 30
39 89 3500
68 154 30
112 156 3500
78 108 3500
77 92 3500
64 86 3500
16 37 3500
28 179 30
30 144 3500
9 141 30
9 73 3500
56 73 9000
88 122 3500
14 50 3500
22 167 30
12 38 9000
53 87 9000
80 159 3500
14 42 3500
61 166 30
150 179 3500
159 161 10000
23 76 9000
54 90 9000
44 73 9000
86 145 9000
127 148 9000
90 136 30
19 120 3500
33 143 9000
11 40 9000
55 91 9000
117 119 10000
50 156 9000
23 116 3500
150 164 3500
50 116 30
46 102 9000
6 77 30
145 155 10000
14 27 9000
31 39 3500
22 155 30
29 154 3500
105 165 3500
43 173 3500
45 136 9000
110 169 9000
86 155 9000
138 143 10000
36 144 3500
76 179 30
26 44 9000
111 177 30
69 117 9000
38 55 3500
20 122 3500
64 124 9000
65 101 3500
103 132 3500
27 91 9000
81 123 30
110 148 3500
103 170 3500
20 149 30
124 146 3500
63 146 30
51 161 3500
30 48 3500
43 177 3500
76 165 3500
48 94 30
10 50 30
36 127 3500
33 70 9000
137 163 9000
130 163 9000
89 174 3500
97 156 3500
0 73 30
8 100 30
57 133 3500
11 99 3500
19 144 9000
59 163 9000
87 176 3500
34 37 9000
111 128 9000
119 141 3500
19 172 30
24 114 3500
91 112 9000
137 142 10000
70 148 9000
56 61 30
9 145 9000
83 161 3500
91 174 3500
8 34 30
5 171 30
4 115 30
4 162 30
28 67 30
66 130 3500
74 110 9000
26 155 9000
9 10 0
4 63 30
102 170 3500
16 59 9000
47 139 9000
80 132 9000
82 129 30
136 168 3500
35 120 30
44 66 30
40 92 3500
95 105 3500
35 44 3500
57 114 9000
8 19 30
23 114 3500
55 84 9000
110 168 9000
77 87 3500
71 138 3500
61 161 9000
46 110 9000
75 101 9000
11 138 30
40 67 30
45 115 30
10 117 30
70 167 30
62 117 9000
41 177 3500
125 148 9000
3 86 3500
2 18 30
100 112 9000
17 55 3500
88 95 10000
52 135 9000
61 167 30
127 131 10000
104 135 9000
38 172 3500
65 159 30
20 153 9000
144 148 10000
19 165 9000
21 76 30
100 120 30
27 123 9000
73 155 3500
78 145 3500
16 148 9000
29 121 9000
58 91 9000
3 99 9000
136 151 30
13 117 3500
53 176 3500
106 127 30
93 144 9000
18 65 9000
15 173 30
1 98 3500
16 151 9000
152 168 3500
27 142 9000
140 171 3500
11 21 3500
20 109 3500
11 115 9000
44 81 9000
40 154 3500
54 155 30
19 107 9000
15 142 3500
83 143 30
102 147 9000
152 171 9000
55 60 30
23 34 9000
67 158 30
23 84 9000
33 112 9000
63 154 30
16 26 3500
82 125 9000
16 25 3500
85 115 9000
60 158 30
7 133 9000
10 147 30
49 102 3500
12 52 3500
44 91 3500
81 143 9000
38 176 9000
27 135 9000
26 98 9000
5 112 30
53 151 9000
2 43 30
90 109 9000
13 138 9000
50 71 30
23 104 30
23 43 3500
25 32 10000
40 168 9000
74 167 3500
46 137 9000
69 151 9000
37 58 9000
58 83 30
62 173 9000
38 52 3500
10 97 30
80 143 9000
6 7 20
28 29 20
24 157 3500
90 169 9000
93 159 9000
26 56 3500
75 98 3500
75 133 9000
78 129 9000
45 56 9000
36 125 3500
35 135 9000
4 153 30
38 122 3500
73 173 9000
119 127 3500
13 16 10000
15 176 9000
58 146 9000
39 132 9000
5 174 30
47 167 9000
72 94 9000
80 129 30
63 72 3500
3 29 9000
97 108 30
128 173 9000
21 167 9000
39 118 30
116 155 3500
125 158 30
0 35 30
35 116 3500
147 177 9000
108 139 3500
8 117 30
36 57 3500
34 86 9000
58 71 9000
19 145 9000
49 156 3500
170 176 10000
91 99 3500
51 81 9000
45 46 0
48 177 3500
113 163 3500
130 149 3500
6 160 30
43 148 3500
137 144 9000
62 73 3500
132 164 3500
4 71 30
38 39 20
15 73 9000
73 85 9000
40 64 30
48 154 9000
114 168 9000
61 154 30
51 99 9000
144 157 9000
12 19 10000
29 92 9000
27 73 3500
96 147 9000
92 101 3500
141 156 3500
91 137 30
110 161 9000
107 120 30
41 108 9000
101 158 3500
129 152 9000
106 178 3500
8 18 30
109 172 9000
147 150 10000
83 96 9000
101 147 9000
132 137 10000
19 141 3500
37 160 9000
67 162 9000
4 37 30
6 110 30
94 164 9000
39 51 9000
16 154 9000
59 69 9000
121 136 3500
24 155 3500
160 179 3500
50 62 30
80 97 3500
67 111 3500
136 154 9000
104 156 9000
78 154 3500
2 154 30
32 116 3500
151 164 3500
73 135 30
39 174 3500
95 151 3500
52 174 3500
111 140 3500
14 114 9000
153 166 3500
85 109 30
16 64 9000
70 169 9000
133 143 10000
49 169 3500
15 172 30
31 66 30
175 176 0
24 166 3500
10 20 30
102 114 9000
60 167 30
92 160 30
82 130 30
68 176 30
7 38 9000
157 173 3500
115 145 3500
86 125 3500
53 114 9000
4 30 30
43 96 9000
25 105 9000
27 133 9000
7 151 9000
129 164 30
60 119 9000
47 165 9000
9 13 3500
62 76 3500
10 43 30
76 104 9000
46 74 9000
118 172 9000
39 80 9000
69 124 3500
69 127 3500
25 120 30
158 167 10000
35 143 30
70 173 9000
38 48 3500
151 160 9000
85 112 9000
13 127 9000
17 133 9000
102 135 3500
31 166 9000
31 135 9000
29 82 3500
53 133 3500
8 172 30
46 156 9000
21 132 3500
23 27 3500
102 104 10000
36 122 3500
7 159 30
56 176 9000
27 60 9000
46 78 30
30 101 9000
137 166 3500
111 125 3500
37 155 3500
107 145 9000
81 106 3500
101 125 30
22 57 9000
105 138 3500
9 170 30
9 22 3500
35 173 9000
105 116 9000
115 131 3500
41 88 9000
155 157 9000
49 168 3500
125 127 10000
39 136 9000
106 126 30
8 62 30
31 158 3500
3 111 30
50 55 10000
88 170 3500
30 82 3500
147 165 9000
28 95 30
93 172 9000
37 42 10000
2 127 30
81 136 9000
124 125 20
29 84 30
124 155 3500
8 125 30
53 115 9000
103 176 3500
43 100 9000
51 59 10000
22 64 3500
18 135 3500
48 108 30
39 138 9000
15 37 9000
45 179 3500
1 169 9000
36 146 3500
123 126 10000
30 62 30
44 93 9000
64 123 3500
115 140 9000
32 99 9000
87 119 30
28 78 9000
99 177 3500
4 123 30
54 72 30
29 148 3500
91 139 30
76 85 3500
58 159 3500
82 156 3500
40 134 30
13 132 3500
74 100 9000
95 175 3500
73 78 10000
86 146 3500
16 21 10000
20 37 9000
126 163 30
62 124 3500
108 148 3500
99 156 9000
99 143 3500
35 112 3500
129 163 30
39 130 3500
18 61 3500
8 10 10000
22 121 3500
0 59 30
11 166 9000
108 121 9000
68 76 3500
156 169 9000
1 165 30
40 157 30
103 130 30
46 100 9000
98 123 9000
49 178 3500
53 134 9000
32 113 9000
12 154 30
76 166 9000
43 165 30
77 154 3500
7 40 3500
14 144 30
52 173 3500
55 76 9000
69 146 30
3 149 30
114 123 3500
164 178 3500
89 92 10000
25 86 9000
68 178 30
44 161 9000
105 113 30
67 116 3500
90 165 9000
34 97 30
37 65 9000
51 171 9000
101 117 9000
42 128 9000
12 125 9000
52 142 3500
1 86 3500
129 172 9000
59 134 3500
107 158 9000
36 138 9000
3 72 3500
5 20 3500
43 120 3500
160 167 10000
4 103 30
101 160 9000
6 173 30
5 78 3500
18 75 30
24 142 30
6 19 30
93 171 3500
128 158 30
8 139 30
80 158 3500
32 75 9000
66 162 9000
59 124 9000
96 111 9000
54 153 30
69 172 9000
61 175 9000
127 160 30
21 23 10000
55 114 9000
4 72 30
38 121 3500
53 119 9000
24 116 3500
21 143 3500
4 49 30
64 111 3500
72 92 3500
61 88 3500
8 163 30
40 174 3500
51 69 30
87 175 9000
86 111 30
107 161 3500
11 12 9000
40 90 9000
90 119 9000
51 167 9000
12 79 9000
124 131 10000
102 125 30
45 110 9000
48 176 3500
127 165 30
88 145 3500
20 28 3500
30 89 30
0 65 30
110 144 3500
166 174 3500
171 176 10000
25 33 10000
33 72 3500
54 145 30
45 163 9000
17 50 3500
19 153 9000
140 141 20
16 72 9000
83 176 9000
74 177 9000
138 167 3500
82 104 3500
36 175 9000
11 150 30
62 150 9000
63 64 0
9 56 9000
8 26 30
38 50 9000
18 114 3500
34 165 3500
46 128 3500
98 125 9000
166 178 9000
94 119 30
25 58 9000
117 161 9000
56 80 9000
134 167 3500
45 159 30
39 164 30
36 78 30
50 125 9000
79 164 3500
69 169 30
29 45 3500
22 78 9000
72 173 9000
111 143 3500
58 165 3500
9 177 30
33 57 3500
110 166 3500
139 175 3500
43 166 30
130 134 3500
29 48 3500
0 47 30
35 160 9000
96 165 9000
110 132 3500
31 116 9000
41 129 9000
21 150 30
156 176 3500
159 176 9000
0 166 30
137 167 3500
51 91 9000
131 144 9000
73 163 3500
139 152 30
151 178 3500
39 104 30
49 123 30
90 161 30
74 84 3500
57 125 9000
14 124 3500
66 82 3500
0 22 30
87 140 9000
91 133 30
93 154 9000
96 132 9000
110 131 3500
50 133 3500
89 119 9000
78 162 3500
64 166 30
77 110 3500
102 111 9000
56 177 9000
143 144 9000
4 20 30
24 159 3500
52 86 9000
59 141 3500
24 127 30
2 107 30
7 179 9000
1 118 9000
2 138 30
25 92 9000
137 164 3500
8 17 30
114 164 9000
59 122 30
3 104 9000
45 174 3500
114 117 10000
17 118 3500
74 96 3500
5 177 30
45 130 3500
44 48 3500
24 135 9000
150 161 9000
53 111 9000
103 172 3500
72 144 3500
111 115 10000
58 92 30
60 153 30
77 111 3500
93 147 3500
146 160 3500
67 71 10000
135 143 10000
56 124 9000
155 171 3500
32 81 9000
149 165 3500
63 73 3500
93 156 30
72 175 9000
64 162 9000
119 137 3500
5 108 9000
53 144 30
56 136 9000
84 86 10000
65 77 9000
40 156 30
105 159 3500
97 128 9000
59 79 9000
13 159 9000
42 142 30
22 66 3500
27 144 9000
75 153 3500
9 149 30
65 146 9000
30 53 3500
105 120 9000
53 59 10000
137 147 30
163 167 10000
18 164 9000
105 110 9000
44 146 3500
56 164 3500
24 169 9000
13 179 9000
76 162 3500
74 122 30
11 111 9000
14 52 9000
91 113 9000
44 60 30
25 108 9000
40 100 9000
23 129 3500
10 120 30
51 179 3500
39 101 9000
30 36 3500
59 162 9000
130 168 9000
116 117 20
37 54 3500
44 101 9000
100 113 9000
34 133 30
109 166 9000
26 114 9000
1 146 30
20 84 9000
18 108 3500
48 173 9000
74 134 9000
38 91 3500
79 80 0
42 110 9000
27 112 9000
17 92 30
25 155 3500
109 164 3500
17 70 3500
97 137 3500
15 52 9000
52 119 9000
43 81 9000
3 102 3500
66 95 3500
60 73 9000
10 74 30
81 104 3500
23 67 3500
79 162 3500
64 99 3500
36 136 9000
76 114 9000
5 150 9000
32 89 9000
36 87 3500
117 118 0
16 140 3500
122 126 10000
83 90 3500
93 107 3500
121 163 9000
36 93 3500
19 130 3500
95 145 3500
20 115 9000
140 162 3500
12 93 30
37 74 9000
103 104 0
55 89 9000
25 80 3500
6 20 30
74 114 3500
96 100 10000
151 155 10000
116 131 3500
40 102 9000
75 127 9000
33 179 30
24 170 9000
1 60 9000
9 106 3500
72 81 10000
16 128 9000
21 64 3500
25 61 9000
13 176 9000
9 154 9000
22 122 3500
43 87 3500
74 143 9000
0 125 30
25 98 9000
0 163 30
47 60 9000
146 170 9000
29 112 3500
87 135 9000
81 163 9000
98 130 9000
109 158 3500
74 152 3500
4 106 30
155 168 9000
41 164 30
159 173 3500
6 51 30
35 172 9000
83 132 30
96 129 9000
1 73 9000
97 152 9000
106 172 3500
109 130 9000
12 13 20
101 124 30
112 130 3500
37 98 30
77 152 3500
86 95 10000
69 105 3500
11 136 30
103 135 3500
61 62 0
140 158 9000
85 118 30
82 144 3500
19 178 30
137 143 10000
33 157 3500
14 131 9000
7 71 3500
93 102 3500
66 147 9000
4 21 30
64 80 3500
18 70 3500
88 111 9000
95 98 3500
65 173 9000
123 177 3500
13 54 3500
87 106 3500
48 54 10000
2 31 30
85 108 30
105 123 9000
97 100 10000
43 84 3500
27 122 9000
134 165 9000
163 177 3500
96 144 9000
69 104 3500
62 179 30
50 119 30
35 103 30
130 155 9000
63 69 10000
127 135 3500
151 171 3500
39 135 9000
40 94 3500
88 100 9000
117 179 9000
55 120 30
17 35 3500
41 86 3500
22 63 3500
6 41 30
77 125 9000
147 163 3500
113 164 9000
165 167 10000
42 65 30
35 127 30
29 152 9000
8 36 30
86 100 3500
11 31 3500
105 135 9000
67 128 3500
38 106 30
132 178 9000
10 165 30
30 69 30
35 52 3500
69 136 9000
9 150 30
85 160 9000
15 105 30
118 133 9000
82 93 3500
54 84 9000
114 122 3500
7 150 9000
7 60 3500
90 173 3500
110 172 30
15 18 10000
49 82 30
37 139 9000
22 101 30
24 162 9000
42 132 30
73 141 30
94 102 3500
24 28 10000
40 170 3500
87 173 9000
101 155 30
123 148 3500
77 78 0
5 21 3500
10 53 30
11 49 3500
50 53 10000
9 75 3500
46 138 9000
108 135 3500
26 89 9000
142 151 9000
4 104 30
20 110 3500
38 102 9000
131 174 3500
129 179 3500
139 163 9000
35 140 9000
0 8 10000
54 73 30
100 125 30
0 60 30
40 98 9000
69 128 3500
57 142 3500
6 161 30
10 88 30
132 133 20
96 117 9000
65 148 9000
119 122 3500
113 136 3500
28 134 9000
8 78 30
54 66 9000
28 39 3500
105 173 9000
114 128 3500
79 111 3500
1 129 30
22 92 30
4 23 30
59 105 3500
19 112 3500
11 160 30
97 144 9000
97 136 3500
50 69 30
30 136 30
155 172 3500
74 136 9000
80 152 3500
70 151 9000
62 118 3500
10 57 30
10 79 30
101 171 3500
21 61 3500
10 148 30
129 171 3500
68 77 3500
99 178 3500
124 137 9000
7 160 30
1 39 3500
40 136 9000
84 151 3500
32 151 3500
2 98 30
41 100 9000
15 39 3500
84 119 30
7 29 3500
12 68 3500
131 170 3500
94 111 30
166 172 3500
53 60 30
99 172 9000
51 79 9000
3 158 9000
17 151 9000
40 106 9000
93 126 3500
93 151 3500
76 126 9000
6 127 30
17 110 9000
27 88 9000
49 137 3500
95 99 3500
103 112 9000
32 161 3500
51 63 30
11 137 30
8 13 30
142 158 3500
150 158 3500
101 170 3500
90 145 3500
95 142 30
36 153 3500
38 49 3500
10 128 30
69 112 3500
21 108 3500
51 85 30
62 68 10000
12 122 3500
8 132 30
168 171 10000
13 114 3500
20 169 30
32 137 9000
2 74 30
48 140 3500
106 116 9000
12 30 3500
19 125 3500
97 153 9000
167 168 9000
26 145 9000
50 176 9000
29 160 3500
93 104 9000
41 59 3500
73 130 30
0 108 30
44 144 9000
56 122 9000
41 143 30
82 107 9000
45 48 3500
39 145 9000
62 81 9000
17 105 9000
7 127 30
150 169 3500
98 151 30
47 57 3500
105 153 9000
24 42 3500
40 113 9000
66 93 3500
16 112 3500
2 152 30
72 98 3500
6 167 30
11 72 9000
102 148 30
112 150 9000
81 94 3500
41 167 30
51 176 9000
41 82 30
92 131 3500
84 169 3500
16 86 30
33 174 9000
72 109 9000
60 171 9000
25 27 10000
106 133 9000
111 117 10000
26 35 10000
74 175 30
47 78 30
85 86 0
141 166 3500
52 127 9000
59 143 9000
62 104 3500
84 154 3500
79 112 9000
128 175 9000
87 154 9000
41 63 9000
13 171 9000
98 147 9000
64 77 9000
38 177 9000
13 167 30
34 163 9000
56 161 3500
88 147 3500
78 156 9000
27 168 30
6 92 30
28 171 30
8 72 30
78 176 9000
53 57 10000
16 47 3500
39 106 30
37 152 3500
0 113 30
50 83 9000
14 45 3500
34 99 9000
22 38 9000
33 89 9000
93 94 0
14 120 9000
46 72 30
15 38 3500
91 140 9000
103 143 3500
45 150 3500
10 168 30
135 148 30
124 170 9000
64 74 3500
6 13 30
111 173 30
18 54 3500
109 124 3500
93 116 30
44 175 3500
166 167 20
143 163 3500
62 85 9000
45 161 9000
60 165 30
97 112 30
67 174 9000
13 52 3500
12 91 30
122 166 9000
70 78 3500
57 107 3500
47 67 9000
23 99 30
33 135 9000
12 95 9000
27 148 3500
60 143 3500
96 164 9000
57 70 30
52 156 3500
48 148 9000
113 175 30
37 63 9000
34 170 9000
0 61 30
86 179 3500
1 69 3500
18 154 9000
100 133 3500
73 161 3500
110 177 30
52 70 30
50 113 9000
80 109 3500
51 136 9000
71 164 30
97 178 3500
50 109 30
3 110 30
35 105 9000
71 140 9000
22 111 3500
20 100 30
73 102 3500
10 108 30
53 120 30
104 176 3500
113 127 9000
121 179 9000
33 139 9000
41 147 9000
11 100 9000
23 131 3500
74 135 9000
127 176 9000
54 150 9000
115 143 3500
57 101 3500
13 99 30
16 83 9000
77 157 9000
64 102 3500
78 173 30
4 131 30
26 123 9000
102 168 9000
1 16 3500
38 64 30
139 141 10000
89 101 9000
81 93 9000
42 60 30
48 52 10000
30 108 3500
87 147 3500
60 157 30
28 133 30
29 128 9000
78 79 20
127 168 3500
15 162 9000
51 62 30
80 173 30
26 51 3500
87 123 9000
0 94 30
36 162 9000
41 165 30
24 171 9000
6 25 30
34 46 9000
13 100 30
69 97 3500
122 170 3500
17 80 30
32 35 10000
56 155 30
87 117 30
33 108 3500
110 171 30
61 80 3500
34 131 30
122 152 9000
33 138 9000
22 150 30
95 126 3500
23 32 3500
18 55 3500
32 58 3500
33 104 9000
111 119 10000
26 118 3500
31 128 9000
15 67 3500
12 24 9000
27 76 3500
91 129 3500
1 114 9000
51 131 9000
80 175 30
71 150 9000
23 118 9000
1 72 9000
24 134 9000
23 52 3500
27 53 9000
101 143 3500
99 147 9000
162 167 10000
25 149 9000
118 148 3500
78 93 3500
23 156 30
64 120 3500
56 144 30
53 91 9000
90 148 9000
111 120 3500
91 143 30
14 47 9000
32 55 9000
53 66 9000
105 141 9000
152 169 3500
3 38 3500
64 147 9000
8 109 30
120 162 9000
169 173 10000
65 125 9000
57 132 3500
102 178 9000
16 98 9000
73 146 9000
31 72 3500
107 149 9000
161 178 3500
21 86 9000
37 111 9000
56 76 9000
11 36 3500
154 165 3500
95 104 3500
8 108 30
73 175 9000
12 163 30
5 130 9000
86 130 3500
41 148 3500
32 48 3500
90 93 10000
20 152 9000
139 170 9000
71 75 3500
71 98 9000
20 161 9000
27 138 9000
32 39 9000
5 36 3500
3 58 3500
77 123 9000
76 153 3500
162 174 9000
137 160 9000
62 126 3500
5 178 9000
63 98 3500
10 76 30
2 135 30
108 143 9000
69 115 3500
122 130 10000
121 142 9000
8 29 30
49 132 9000
75 106 3500
92 114 9000
73 177 9000
99 119 30
67 123 3500
116 146 9000
70 179 9000
143 146 9000
65 166 30
18 96 9000
8 145 30
25 148 9000
73 174 9000
5 133 9000
105 115 30
97 102 10000
61 86 9000
6 143 30
83 142 30
79 134 30
7 106 9000
40 176 3500
11 122 30
16 124 3500
37 93 3500
60 69 10000
92 113 9000
46 114 30
50 162 3500
107 148 9000
137 138 0
64 125 9000
22 100 30
1 58 3500
49 167 3500
15 20 10000
43 94 3500
123 174 9000
47 128 3500
16 157 30
11 143 9000
51 144 30
45 89 3500
70 79 3500
47 87 3500
1 8 10000
43 162 9000
0 175 30
103 125 30
81 173 30
41 111 9000
142 160 3500
27 71 9000
131 135 3500
35 151 9000
67 117 3500
34 42 3500
20 145 30
31 53 3500
18 20 10000
66 78 9000
83 171 9000
38 178 3500
52 73 30
26 105 9000
101 162 9000
178 179 20
9 47 9000
43 159 30
4 126 30
23 151 30
134 144 9000
0 124 30
44 141 9000
110 135 3500
5 60 3500
115 133 3500
154 157 9000
103 146 9000
79 166 9000
88 173 3500
17 81 30
82 151 3500
126 178 3500
71 157 30
65 75 3500
108 125 3500
56 118 30
64 92 3500
60 116 3500
53 139 3500
93 143 9000
42 88 9000
7 77 3500
33 148 3500
1 24 9000
26 110 3500
40 86 3500
22 130 3500
105 154 30
24 121 30
99 144 30
36 167 9000
15 68 9000
22 40 3500
5 119 9000
50 88 9000
69 70 0
99 110 9000
98 135 9000
43 68 9000
6 47 30
85 127 3500
82 178 9000
25 166 3500
167 176 3500
11 44 3500
159 179 3500
79 142 30
17 106 9000
7 107 9000
122 168 3500
117 173 30
67 118 3500
3 42 3500
99 171 3500
143 169 9000
101 164 3500
33 73 3500
86 97 3500
109 123 3500
59 137 3500
61 169 9000
59 95 30
46 112 30
60 137 3500
37 121 9000
31 159 3500
56 68 30
40 95 3500
43 178 9000
34 110 3500
32 114 9000
151 173 9000
68 117 9000
13 75 9000
130 176 3500
22 149 30
20 107 9000
31 63 30
113 145 3500
5 85 3500
107 157 3500
14 151 30
39 123 3500
136 178 3500
51 121 9000
12 139 9000
119 125 3500
69 167 9000
40 121 3500
15 92 9000
72 152 9000
7 142 9000
80 105 3500
33 90 9000
7 84 3500
67 160 9000
87 161 30
76 135 30
12 87 30
6 83 30
9 67 3500
22 163 30
30 128 9000
39 122 3500
12 141 3500
66 159 30
34 172 9000
8 21 30
7 83 3500
61 99 9000
59 167 3500
70 83 9000
73 88 3500
31 173 9000
92 151 3500
94 96 9000
41 44 10000
171 178 10000
133 139 10000
31 36 3500
61 130 3500
12 59 3500
54 85 9000
2 10 10000
109 152 3500
122 132 3500
30 99 9000
36 72 30
75 89 3500
63 121 9000
69 148 9000
70 137 3500
117 164 3500
103 161 9000
16 102 9000
36 113 30
6 130 30
116 160 9000
51 153 30
11 104 3500
59 156 3500
35 108 9000
34 48 9000
79 179 30
27 155 9000
81 96 3500
118 166 9000
122 151 3500
111 151 3500
141 176 3500
87 126 3500
13 152 9000
51 94 30
12 76 9000
12 101 30
123 164 30
57 153 30
6 134 30
99 130 9000
135 150 30
31 34 10000
30 71 9000
26 152 3500
8 149 30
46 139 9000
6 78 30
60 63 10000
48 122 30
58 170 3500
38 156 30
17 108 3500
106 136 3500
66 118 3500
25 145 3500
120 121 20
8 164 30
52 110 9000
58 156 3500
18 157 30
33 65 30
48 164 3500
31 59 3500
87 110 30
45 100 9000
40 126 3500
24 41 3500
80 126 9000
66 155 9000
76 149 9000
61 101 3500
80 131 30
69 114 3500
89 109 9000
11 62 3500
90 100 9000
150 175 9000
93 138 9000
17 71 3500
19 64 9000
41 99 9000
47 122 3500
65 160 9000
8 69 30
36 131 9000
44 155 9000
41 65 30
120 130 10000
13 151 30
48 123 30
91 95 10000
0 118 30
81 178 30
8 124 30
45 155 9000
11 69 3500
11 28 3500
62 141 3500
50 56 10000
37 101 9000
109 147 3500
43 74 9000
45 118 30
27 102 30
90 106 3500
0 90 30
76 139 9000
90 98 3500
91 160 30
100 167 3500
61 163 9000
66 109 3500
99 120 9000
5 13 3500
92 172 9000
116 150 3500
35 84 30
90 179 9000
18 90 30
35 168 9000
134 145 9000
27 119 3500
147 174 3500
118 127 3500
2 40 30
79 132 30
54 57 10000
34 161 9000
66 157 30
71 109 9000
83 163 3500
93 105 9000
61 122 9000
10 163 30
69 178 30
57 117 30
44 103 9000
74 166 3500
17 160 30
64 132 9000
22 43 3500
107 124 30
36 38 10000
18 105 9000
6 91 30
58 161 9000
61 133 3500
4 101 30
97 101 10000
46 174 9000
31 118 3500
5 40 3500
28 138 30
77 171 9000
104 150 30
15 79 30
