180 8055
118 139 3500
13 79 9000
103 138 9000
1 6 10000
62 152 30
12 98 30
13 53 3500
32 139 9000
36 161 9000
85 88 10000
43 70 30
31 76 9000
40 54 9000
21 153 9000
2 87 30
26 92 9000
80 148 3500
102 143 3500
19 34 3500
119 164 3500
6 54 30
71 136 3500
58 153 9000
102 153 9000
154 160 3500
87 93 10000
72 126 9000
9 103 3500
97 126 30
134 141 10000
90 131 3500
63 130 9000
48 138 3500
32 104 9000
57 163 3500
21 22 0
50 128 9000
44 88 3500
19 118 3500
0 5 10000
17 93 30
91 164 9000
11 173 9000
57 80 9000
81 147 3500
116 157 3500
71 90 3500
82 83 20
81 177 9000
159 172 3500
19 63 3500
32 146 3500
19 164 9000
134 155 9000
133 178 9000
0 24 30
57 109 30
53 72 30
143 179 9000
21 166 9000
18 31 9000
36 76 30
29 43 9000
141 171 3500
66 90 9000
54 174 3500
70 143 3500
44 129 3500
52 80 30
2 16 30
62 116 9000
32 47 3500
72 74 10000
147 160 3500
17 153 9000
129 136 3500
145 161 3500
25 76 3500
110 126 3500
98 164 3500
9 46 9000
14 22 10000
62 105 3500
4 89 30
57 93 30
129 139 3500
55 163 3500
56 114 9000
13 58 3500
66 145 9000
28 140 9000
50 111 30
71 155 30
21 68 9000
132 173 3500
136 145 9000
9 53 3500
20 141 9000
50 132 3500
42 143 30
47 90 3500
68 132 3500
4 99 30
68 101 9000
78 95 3500
135 157 3500
32 51 3500
40 173 3500
115 122 3500
41 92 3500
10 159 30
47 170 3500
66 88 9000
135 170 3500
73 90 3500
32 84 9000
8 170 30
18 36 3500
34 103 30
44 160 9000
14 30 3500
12 23 0
30 148 3500
46 136 9000
94 117 30
155 179 9000
11 129 30
59 119 30
69 175 9000
153 177 9000
86 171 3500
127 173 3500
48 72 30
4 109 30
86 134 9000
25 95 30
69 77 3500
120 164 9000
29 149 3500
68 123 3500
55 165 9000
109 132 9000
10 83 30
47 98 30
103 177 3500
131 176 3500
3 138 30
57 137 9000
62 71 10000
175 178 10000
42 47 10000
23 51 9000
57 105 9000
75 123 30
100 163 9000
130 132 9000
1 152 30
6 49 30
117 170 30
17 150 9000
103 175 3500
34 69 9000
28 46 3500
70 166 30
82 135 30
127 141 3500
2 19 30
66 99 3500
17 68 3500
152 158 9000
14 130 9000
39 117 9000
59 136 3500
28 117 9000
40 84 3500
14 84 9000
34 169 9000
35 82 9000
60 122 9000
105 168 3500
73 112 3500
172 178 10000
15 101 30
72 114 3500
40 145 3500
96 140 3500
39 43 10000
13 30 3500
104 125 9000
106 132 9000
24 102 30
33 122 9000
158 173 3500
84 126 3500
29 49 3500
19 29 9000
30 43 9000
173 179 10000
56 82 9000
46 51 3500
67 73 3500
74 132 9000
130 153 3500
3 173 30
0 164 30
126 155 3500
85 156 9000
17 145 9000
69 138 9000
52 54 10000
25 82 9000
49 99 3500
20 159 9000
124 141 3500
82 126 9000
138 142 10000
2 38 30
65 88 9000
136 138 10000
107 114 30
81 87 9000
139 150 30
83 114 3500
146 177 9000
11 26 3500
109 151 3500
57 165 3500
69 121 9000
42 169 9000
17 173 30
110 119 10000
124 163 30
32 138 9000
65 66 0
99 136 3500
91 153 3500
16 34 3500
21 124 3500
34 159 3500
101 103 10000
63 137 9000
33 46 3500
125 145 3500
68 120 9000
120 138 3500
80 94 3500
1 150 30
67 122 3500
7 97 9000
69 134 3500
50 144 30
13 21 10000
7 16 9000
33 67 30
42 55 9000
27 121 30
37 146 3500
9 156 9000
68 118 3500
42 162 9000
53 177 3500
48 120 30
0 103 30
100 159 3500
8 95 30
2 76 30
156 178 9000
154 175 3500
32 52 9000
50 85 30
10 17 30
86 163 30
96 114 30
54 165 9000
40 123 9000
16 105 9000
65 136 3500
168 174 10000
131 147 3500
53 65 9000
41 48 3500
35 158 3500
65 89 9000
12 132 3500
84 146 9000
26 36 3500
96 98 10000
23 147 9000
23 170 9000
39 116 9000
31 141 9000
68 98 3500
17 158 9000
90 171 3500
54 100 9000
19 79 30
51 98 9000
29 159 3500
152 153 20
27 83 3500
75 165 3500
87 155 9000
37 171 3500
101 165 3500
53 118 9000
152 160 3500
11 110 9000
46 125 3500
31 102 9000
49 96 9000
14 19 10000
38 62 9000
3 79 9000
31 152 9000
70 139 3500
100 107 10000
54 117 9000
1 120 9000
12 97 9000
21 81 30
23 123 3500
25 40 3500
61 72 9000
69 131 9000
44 122 3500
101 156 3500
46 162 9000
79 122 9000
60 96 3500
10 54 30
98 167 9000
72 120 30
0 142 30
9 74 3500
70 98 9000
26 128 9000
6 112 30
15 132 3500
109 114 10000
2 93 30
49 107 9000
38 74 9000
0 66 30
71 123 9000
12 123 3500
7 163 30
74 179 30
76 147 3500
55 131 30
13 82 9000
2 7 10000
36 88 3500
100 115 9000
44 148 3500
1 88 9000
3 70 3500
58 88 9000
40 109 9000
9 89 3500
40 79 30
39 163 9000
136 139 10000
61 105 9000
41 131 3500
27 32 10000
160 163 10000
58 111 30
34 91 30
83 130 30
37 43 10000
7 15 3500
84 175 3500
130 157 9000
104 133 3500
12 62 3500
26 80 9000
116 163 9000
31 86 9000
1 34 9000
14 179 30
61 120 3500
55 68 30
25 114 3500
23 163 30
20 67 3500
150 162 9000
146 174 3500
157 176 3500
122 154 3500
16 134 3500
10 35 30
21 152 9000
96 152 9000
79 163 3500
24 76 3500
50 60 30
122 174 9000
1 10 10000
106 169 3500
32 80 9000
60 67 10000
94 103 3500
15 16 0
21 43 3500
24 80 3500
82 118 9000
82 155 3500
90 159 9000
27 86 9000
73 170 9000
50 76 9000
40 147 9000
68 75 9000
24 35 0
144 159 3500
58 65 9000
39 96 30
93 132 9000
163 176 3500
48 96 9000
9 155 9000
90 105 3500
29 33 10000
60 130 3500
66 156 30
53 100 9000
27 157 3500
133 174 3500
29 174 9000
31 117 9000
155 162 3500
42 157 30
36 53 3500
75 174 30
7 63 3500
89 156 30
170 174 10000
1 107 3500
61 172 9000
61 67 10000
81 105 3500
105 140 9000
65 153 9000
106 154 9000
17 60 3500
28 100 9000
138 153 30
78 157 9000
26 162 3500
59 142 9000
14 168 30
95 137 30
44 130 3500
104 144 30
84 96 9000
14 31 3500
29 122 9000
48 161 9000
114 159 9000
32 79 3500
57 99 9000
94 97 9000
110 164 3500
120 167 9000
107 166 3500
41 90 9000
88 92 10000
95 174 3500
7 167 9000
31 174 9000
33 37 3500
102 140 3500
91 175 3500
1 115 9000
91 168 9000
99 138 3500
32 122 9000
46 66 9000
49 141 3500
56 85 30
120 179 9000
12 146 9000
7 175 30
12 179 9000
49 86 30
81 100 9000
30 96 9000
58 129 30
144 167 9000
103 118 9000
53 61 30
50 90 9000
120 170 3500
79 177 9000
7 118 9000
33 99 9000
94 171 9000
104 114 30
0 48 30
25 37 9000
67 112 9000
42 70 30
29 61 9000
60 150 9000
8 51 30
7 94 3500
75 100 9000
97 105 10000
99 176 3500
23 168 9000
4 6 10000
67 139 3500
65 128 3500
141 174 9000
86 162 30
63 147 30
101 146 9000
110 152 9000
16 156 30
57 73 9000
4 12 30
11 74 3500
25 176 9000
41 123 9000
0 32 30
113 168 9000
23 70 9000
52 99 3500
60 175 9000
17 74 30
58 117 30
68 86 3500
93 108 30
56 135 3500
78 178 30
33 147 3500
85 147 9000
57 104 9000
11 119 9000
80 102 9000
19 89 30
43 52 9000
15 167 9000
83 131 30
45 51 9000
78 89 9000
41 142 30
76 89 9000
17 156 30
3 125 9000
39 119 30
5 145 9000
85 149 3500
69 88 3500
25 96 30
72 121 30
48 142 9000
78 151 9000
139 159 3500
57 161 3500
10 110 30
3 160 9000
75 135 9000
67 81 3500
128 131 10000
113 178 9000
14 93 9000
146 167 3500
29 54 3500
17 175 30
26 96 30
7 112 30
62 90 3500
69 73 3500
131 155 9000
140 152 30
149 160 9000
87 128 9000
74 163 9000
105 130 9000
38 53 3500
16 130 3500
4 73 30
45 57 9000
152 159 9000
27 164 9000
47 173 9000
3 157 9000
43 88 9000
100 154 30
112 140 9000
25 152 3500
99 142 3500
46 144 3500
127 139 9000
16 52 3500
145 173 3500
46 53 3500
9 102 3500
77 129 9000
161 175 9000
90 176 3500
112 172 30
31 108 3500
19 148 9000
70 178 9000
91 97 3500
76 125 9000
72 82 10000
29 53 3500
34 141 9000
104 157 9000
62 106 3500
87 99 9000
41 130 3500
29 119 3500
25 28 10000
57 122 9000
105 122 9000
166 177 3500
33 130 30
65 178 30
100 136 9000
13 146 9000
42 80 9000
143 148 9000
38 59 3500
58 128 30
14 54 9000
138 150 30
89 98 3500
51 127 9000
54 95 9000
86 131 3500
56 90 9000
136 152 30
75 107 3500
7 149 9000
9 99 9000
18 66 9000
96 160 3500
106 158 9000
67 169 30
5 43 3500
68 121 9000
93 141 9000
102 127 30
116 133 3500
97 118 30
19 93 30
61 96 3500
7 31 3500
85 91 10000
129 151 3500
32 123 9000
47 163 9000
50 139 9000
80 92 9000
72 73 20
9 114 30
104 110 9000
51 133 3500
88 138 30
11 85 3500
39 93 9000
54 162 3500
133 170 3500
43 179 9000
24 52 3500
0 70 30
44 173 3500
68 108 3500
41 116 9000
46 80 9000
23 30 3500
112 176 30
117 157 3500
86 128 9000
44 142 9000
32 100 30
56 94 30
25 147 3500
105 133 3500
137 158 3500
34 175 9000
24 86 9000
3 74 3500
143 147 9000
123 124 0
96 179 3500
2 168 30
47 70 9000
53 104 3500
62 69 10000
42 145 3500
70 91 3500
56 110 30
22 44 9000
39 134 9000
17 47 3500
77 160 3500
87 89 10000
109 143 9000
42 123 9000
17 91 30
23 83 9000
68 128 3500
10 124 30
106 112 30
0 13 30
60 149 9000
53 101 9000
125 179 3500
0 51 30
71 115 3500
20 148 30
16 70 3500
52 122 30
133 163 3500
1 105 3500
43 171 3500
6 102 30
98 100 10000
80 123 30
33 111 3500
27 40 3500
134 169 3500
15 141 9000
13 161 30
65 174 9000
36 83 30
117 128 9000
134 166 3500
63 145 30
63 88 3500
18 110 9000
77 117 3500
14 143 3500
87 100 3500
2 15 30
58 127 9000
42 86 3500
75 112 3500
84 172 3500
22 138 9000
73 134 30
23 115 3500
9 172 30
76 150 9000
78 165 3500
6 50 30
50 110 30
21 119 3500
168 175 10000
67 177 30
11 159 30
56 127 9000
21 109 3500
125 146 3500
32 175 9000
11 32 3500
54 87 9000
22 173 9000
11 48 3500
6 166 30
70 157 30
29 177 30
80 133 9000
10 75 30
2 94 30
131 177 3500
64 156 30
18 100 9000
19 115 3500
12 130 3500
81 127 9000
7 178 9000
117 176 30
84 147 9000
3 51 9000
30 104 9000
21 158 9000
93 110 30
19 159 9000
121 127 10000
26 104 9000
33 87 9000
140 178 3500
25 72 9000
34 73 9000
23 100 30
2 37 30
146 169 3500
66 115 9000
104 116 9000
47 157 9000
53 71 30
47 106 30
24 91 30
159 175 3500
126 159 30
3 106 3500
43 45 10000
26 62 30
115 162 3500
4 19 30
132 136 10000
59 154 9000
45 78 9000
14 149 30
88 93 10000
125 140 3500
51 134 3500
12 106 9000
35 136 30
6 98 30
118 144 9000
79 157 9000
37 156 9000
9 94 9000
19 116 9000
15 33 9000
5 42 3500
120 126 10000
1 25 9000
70 107 3500
72 174 9000
139 176 9000
7 105 3500
24 73 9000
63 163 9000
50 122 9000
35 83 9000
20 55 9000
95 113 9000
33 142 9000
44 59 3500
33 51 3500
32 101 30
58 136 3500
101 172 3500
14 64 3500
113 119 10000
6 70 30
1 91 9000
31 71 9000
4 24 30
26 31 10000
81 118 3500
4 29 30
12 54 3500
10 175 30
66 128 3500
92 142 9000
29 78 9000
143 177 3500
18 160 30
12 33 3500
55 65 9000
123 157 9000
52 68 30
97 176 9000
45 82 9000
0 4 10000
33 118 3500
119 170 9000
29 103 9000
125 131 10000
47 77 30
48 98 3500
86 87 20
89 167 30
78 135 30
106 174 3500
23 81 9000
20 134 9000
61 79 3500
63 91 3500
109 131 9000
89 128 3500
84 118 30
96 107 0
114 127 9000
62 127 3500
32 36 3500
24 126 30
174 176 10000
30 51 9000
32 83 3500
121 139 3500
91 170 3500
38 78 9000
7 30 3500
43 61 30
79 158 3500
56 141 3500
24 110 3500
22 127 9000
79 153 3500
106 117 9000
111 166 3500
17 101 9000
138 151 30
139 140 0
142 152 9000
143 155 9000
127 179 3500
52 103 9000
76 144 3500
3 25 3500
30 59 3500
109 156 9000
98 172 9000
153 162 3500
13 14 0
0 127 30
38 129 3500
167 169 9000
55 73 30
91 130 3500
14 125 3500
16 99 9000
3 120 9000
19 166 30
2 147 30
142 163 3500
27 87 9000
116 164 3500
55 122 30
15 28 3500
42 52 9000
10 34 30
30 76 9000
60 140 9000
68 112 3500
25 161 9000
138 179 3500
90 137 30
71 129 9000
125 164 30
3 170 30
4 128 30
0 20 30
77 93 3500
135 163 3500
27 81 9000
68 94 9000
5 64 9000
37 150 9000
18 149 9000
4 127 30
135 164 9000
61 66 10000
40 178 9000
52 137 3500
57 86 30
2 28 30
95 130 9000
75 117 9000
45 117 9000
0 151 30
53 169 9000
35 85 30
65 155 9000
20 30 3500
126 161 30
152 178 3500
74 124 9000
125 144 3500
82 89 3500
52 121 30
95 153 9000
2 61 30
100 176 3500
50 84 30
64 133 9000
12 26 3500
14 121 9000
49 97 9000
63 81 9000
25 53 3500
107 138 3500
124 156 9000
96 97 20
13 168 9000
8 143 30
12 136 9000
0 161 30
21 96 9000
12 50 9000
0 76 30
23 48 3500
108 133 9000
94 108 30
34 84 30
27 97 30
40 158 30
2 178 30
86 88 10000
12 166 30
65 72 3500
78 130 9000
38 65 30
163 170 3500
65 87 3500
145 153 10000
7 153 9000
21 120 9000
47 141 30
114 158 9000
3 52 3500
38 63 9000
34 61 9000
17 131 3500
20 133 3500
27 68 30
118 146 3500
14 72 9000
13 95 9000
39 75 9000
12 84 9000
91 167 30
94 153 9000
22 97 9000
49 161 9000
47 65 9000
87 103 3500
165 173 3500
43 123 9000
58 130 30
39 129 3500
19 171 9000
70 119 9000
40 150 3500
82 171 9000
62 154 30
2 77 30
67 161 9000
152 172 3500
78 140 30
87 149 3500
31 155 3500
86 168 3500
81 134 9000
15 74 30
56 123 9000
153 172 3500
7 65 9000
103 124 30
7 135 9000
144 177 3500
56 116 30
13 130 3500
29 142 30
47 177 3500
12 131 3500
24 149 9000
97 138 3500
100 168 9000
12 151 30
96 105 10000
13 123 3500
69 96 3500
33 77 3500
131 151 3500
77 120 9000
71 135 9000
107 119 30
144 163 3500
53 168 9000
90 132 30
88 116 9000
79 103 3500
72 85 9000
30 116 9000
67 92 3500
83 169 9000
22 90 30
13 90 30
79 143 30
32 136 9000
133 136 10000
1 15 3500
85 150 3500
161 179 3500
90 151 9000
145 158 3500
1 79 3500
44 172 3500
56 107 3500
55 71 30
84 124 3500
74 88 3500
0 143 30
79 97 3500
42 109 9000
64 91 9000
9 120 9000
44 165 30
20 103 30
71 99 9000
31 89 30
37 102 9000
27 166 3500
68 97 3500
55 157 3500
10 119 30
72 167 3500
14 107 9000
70 77 3500
42 104 9000
60 169 9000
24 92 9000
54 71 30
13 115 3500
41 62 9000
107 117 9000
50 79 9000
4 34 30
95 166 9000
123 160 30
67 109 3500
36 71 9000
19 101 9000
110 143 3500
75 124 9000
97 120 30
72 172 9000
92 100 3500
81 159 3500
53 170 3500
158 165 10000
48 109 30
1 52 9000
131 179 9000
93 170 3500
30 102 9000
118 124 3500
20 80 30
84 132 30
2 58 30
33 103 30
16 31 9000
37 50 3500
28 156 9000
50 106 3500
72 154 3500
70 155 30
83 164 9000
3 174 30
143 165 3500
21 39 3500
106 137 3500
23 160 30
109 160 3500
95 129 3500
112 152 3500
137 176 9000
105 145 30
42 177 3500
0 83 30
6 40 30
12 113 3500
32 133 9000
86 92 10000
75 152 3500
52 75 30
154 178 9000
84 173 3500
18 28 9000
28 169 30
23 128 3500
106 177 9000
127 158 30
30 88 30
14 97 9000
101 132 3500
101 102 0
34 92 9000
19 142 9000
13 63 3500
39 71 30
125 153 3500
70 159 30
20 124 3500
120 124 10000
19 122 9000
129 145 3500
82 94 9000
74 159 3500
46 146 3500
98 144 30
63 96 3500
67 153 9000
95 178 3500
13 72 9000
61 112 3500
115 158 9000
39 84 3500
63 174 9000
15 46 9000
80 146 3500
67 100 3500
134 174 9000
51 162 3500
170 173 10000
119 143 9000
31 107 9000
42 122 9000
67 110 3500
62 132 3500
111 122 9000
91 169 9000
28 88 30
114 121 3500
58 81 30
2 120 30
29 87 9000
5 56 3500
71 119 9000
63 104 3500
120 177 3500
102 118 9000
67 149 9000
11 59 3500
65 114 9000
55 119 9000
100 108 9000
32 141 9000
2 95 30
71 86 9000
117 133 3500
31 153 9000
53 179 9000
110 134 3500
24 106 30
66 174 9000
139 168 3500
24 156 3500
58 172 9000
6 22 30
35 99 9000
9 112 30
77 178 30
30 119 3500
115 144 3500
12 39 9000
44 46 10000
38 70 30
55 170 3500
34 126 30
125 142 3500
121 132 9000
162 169 3500
65 104 3500
76 118 3500
92 149 3500
55 151 9000
31 130 9000
144 178 9000
50 54 10000
63 67 10000
0 130 30
36 174 9000
15 83 9000
46 150 9000
117 150 3500
44 114 30
13 155 30
64 119 3500
120 155 9000
122 163 30
32 121 30
12 160 30
48 63 9000
18 48 9000
34 105 9000
39 121 3500
59 171 3500
46 55 3500
92 147 3500
109 145 9000
36 82 30
19 167 30
39 154 9000
55 94 9000
15 169 30
21 38 3500
69 99 3500
44 125 9000
93 101 3500
30 173 9000
90 120 3500
82 124 9000
86 143 9000
41 72 30
130 150 3500
18 51 3500
80 156 3500
55 164 9000
47 73 30
13 156 30
15 156 9000
139 161 9000
20 117 3500
9 26 3500
91 135 9000
44 123 3500
47 166 9000
145 172 3500
90 116 9000
39 147 3500
120 128 10000
13 43 3500
155 164 3500
40 142 30
58 155 9000
61 168 9000
128 136 3500
51 105 9000
95 109 30
18 78 30
28 136 30
102 129 9000
47 112 30
1 21 3500
3 172 30
65 85 3500
50 58 10000
50 64 9000
8 155 30
34 113 3500
7 20 3500
22 113 3500
18 93 30
49 130 30
99 115 30
23 74 9000
99 137 3500
37 113 30
17 127 3500
41 175 3500
7 35 3500
32 106 30
44 89 3500
34 35 20
11 73 9000
21 95 9000
15 90 9000
51 117 30
128 159 30
25 137 30
39 149 3500
116 127 3500
100 166 3500
46 132 30
140 161 3500
8 74 30
59 71 9000
5 97 9000
29 147 9000
24 158 3500
66 169 30
76 158 3500
82 117 3500
12 53 3500
29 138 30
115 149 9000
56 117 30
17 86 30
40 57 3500
54 164 9000
47 55 3500
153 179 3500
95 131 9000
84 104 3500
66 152 9000
0 15 30
0 165 30
17 85 9000
27 165 9000
20 126 3500
26 101 30
20 98 30
132 144 9000
24 38 3500
23 28 3500
55 85 9000
48 174 9000
109 135 3500
28 75 3500
99 111 9000
128 176 3500
99 157 9000
37 55 3500
7 158 30
26 115 9000
8 98 30
9 40 3500
102 117 9000
167 179 9000
6 157 30
17 104 9000
48 55 10000
43 67 30
22 25 9000
88 103 9000
83 167 3500
17 123 9000
28 34 10000
175 179 10000
44 147 3500
56 72 9000
48 158 3500
77 102 3500
6 45 30
26 109 3500
43 58 3500
21 60 3500
38 93 9000
12 43 3500
82 85 9000
10 177 30
61 107 3500
117 127 3500
32 162 3500
13 80 9000
75 170 9000
70 97 3500
85 154 3500
26 76 3500
86 176 3500
43 146 9000
6 68 30
81 132 9000
89 158 9000
42 92 3500
48 127 9000
1 31 3500
29 74 3500
23 172 9000
18 24 3500
15 148 30
47 133 30
81 141 9000
14 92 9000
33 52 9000
103 173 3500
112 135 9000
90 166 30
39 76 9000
74 165 3500
22 135 3500
45 83 9000
107 152 9000
44 64 30
7 116 30
52 90 9000
98 131 9000
26 165 9000
167 174 3500
67 101 3500
39 41 10000
102 131 30
50 91 9000
144 164 3500
60 120 3500
114 124 9000
13 125 9000
136 170 9000
106 175 3500
37 90 3500
100 156 3500
60 139 3500
44 106 30
47 53 3500
48 80 30
0 135 30
118 164 3500
23 154 30
26 167 3500
0 149 30
70 121 3500
168 173 10000
67 121 3500
126 137 9000
50 102 3500
57 155 30
66 84 3500
81 108 3500
21 25 3500
140 175 9000
77 130 9000
131 157 9000
8 27 30
14 117 3500
71 91 3500
0 109 30
64 98 3500
133 151 9000
63 111 9000
89 166 30
15 55 9000
5 115 30
0 62 30
81 126 9000
30 92 9000
56 84 30
110 150 3500
13 98 30
139 160 9000
34 54 3500
62 66 10000
28 56 9000
136 171 9000
66 72 3500
137 178 3500
10 69 30
30 107 9000
109 175 9000
3 56 9000
31 162 3500
61 124 3500
61 109 9000
51 112 9000
7 161 30
142 178 9000
129 166 9000
104 122 9000
71 130 3500
4 79 30
67 106 9000
39 126 9000
40 76 30
0 50 30
39 133 9000
28 77 9000
129 138 3500
40 58 3500
1 55 9000
3 95 9000
61 150 9000
1 174 9000
2 29 30
74 107 3500
25 139 30
106 173 3500
62 72 3500
96 119 30
83 95 9000
65 163 9000
53 178 9000
13 94 9000
51 128 9000
45 53 3500
151 176 3500
42 49 3500
52 144 30
139 146 30
31 106 9000
17 157 30
133 152 9000
57 76 9000
101 115 9000
24 59 9000
41 163 9000
98 122 9000
25 100 30
48 136 3500
10 156 30
76 86 3500
12 177 9000
28 107 9000
160 166 10000
20 143 3500
99 106 10000
58 179 3500
64 113 9000
15 116 3500
61 95 3500
63 131 9000
49 72 30
32 65 30
104 166 9000
39 176 9000
5 87 9000
60 172 9000
42 136 9000
115 165 9000
50 78 9000
134 136 10000
24 178 9000
58 66 9000
9 146 30
3 169 9000
41 117 9000
52 105 3500
26 135 9000
49 58 10000
66 141 3500
88 91 10000
3 177 30
20 144 30
66 67 20
85 143 30
80 163 9000
50 77 9000
18 103 9000
130 154 9000
144 152 10000
53 122 30
28 113 3500
26 131 30
26 30 10000
26 122 9000
42 71 30
13 96 9000
85 96 9000
0 39 30
78 166 9000
101 104 10000
112 148 9000
27 106 30
54 124 9000
7 74 9000
0 152 30
23 31 3500
103 108 9000
99 117 9000
31 134 9000
39 172 3500
16 137 3500
103 150 30
29 86 9000
137 155 9000
76 108 3500
26 112 9000
19 72 9000
94 132 30
145 150 10000
37 40 10000
95 158 9000
11 65 3500
111 160 9000
50 175 3500
131 171 3500
44 164 30
101 142 3500
30 93 9000
108 161 3500
83 160 3500
119 177 9000
29 34 10000
17 116 9000
36 55 3500
45 103 9000
1 87 3500
20 73 9000
61 85 3500
37 73 30
13 67 3500
39 155 9000
9 70 3500
127 146 3500
7 137 9000
128 149 3500
1 41 9000
51 73 9000
0 95 30
30 34 10000
14 53 9000
119 175 9000
106 135 3500
47 79 30
5 62 3500
81 84 3500
1 166 9000
34 178 9000
105 139 3500
72 157 3500
36 96 30
66 146 9000
15 107 9000
19 114 3500
42 119 9000
9 118 9000
110 122 9000
8 162 30
82 147 9000
1 159 30
17 128 9000
139 171 9000
70 87 9000
19 31 9000
62 160 9000
32 74 9000
157 165 10000
81 149 3500
126 162 30
141 161 3500
81 110 9000
134 138 10000
2 123 30
48 97 9000
87 167 30
7 164 30
42 45 10000
35 56 3500
59 77 9000
89 99 3500
85 157 9000
12 75 9000
122 172 9000
77 97 3500
56 62 30
24 161 9000
61 116 3500
152 157 3500
61 108 9000
58 110 30
14 132 3500
60 98 9000
15 71 3500
49 75 30
72 148 3500
49 110 30
81 166 3500
56 154 30
77 150 9000
58 68 9000
74 169 30
95 177 9000
38 151 3500
67 70 10000
77 135 30
35 178 9000
70 101 3500
41 81 9000
96 136 3500
138 177 9000
2 82 30
118 177 9000
104 163 3500
20 111 3500
23 80 9000
79 139 9000
136 166 3500
56 74 9000
136 140 10000
6 164 30
81 133 9000
39 177 9000
29 114 3500
30 39 3500
39 45 10000
55 173 3500
89 170 3500
150 159 3500
70 134 9000
91 173 3500
21 40 3500
55 141 9000
123 159 30
8 148 30
164 177 9000
85 173 3500
10 63 30
142 150 9000
29 80 3500
84 125 3500
82 142 30
18 168 30
161 166 10000
105 158 3500
48 86 30
52 115 9000
116 166 3500
48 166 3500
31 129 9000
85 132 30
104 112 30
64 129 3500
71 144 30
104 131 9000
56 113 9000
19 157 30
47 88 3500
78 123 9000
118 151 3500
111 165 3500
77 149 9000
167 178 9000
26 136 9000
65 158 30
105 163 3500
11 71 9000
156 173 3500
145 163 3500
141 154 9000
57 166 9000
4 124 30
122 137 3500
15 63 9000
58 118 30
136 174 3500
46 121 9000
27 162 3500
145 159 3500
44 137 9000
94 137 30
124 165 30
54 107 3500
47 94 9000
14 39 3500
60 129 9000
128 137 3500
138 175 3500
128 162 30
22 177 9000
37 115 30
21 174 30
59 101 3500
39 105 30
43 155 3500
100 116 9000
41 93 3500
15 22 10000
60 92 9000
51 151 9000
100 164 3500
84 166 9000
44 178 3500
32 170 30
97 131 30
93 100 3500
16 149 9000
100 144 30
40 89 9000
53 103 9000
71 161 9000
11 98 3500
111 164 3500
130 144 9000
16 46 3500
7 117 30
12 86 30
109 110 0
29 66 30
58 171 3500
100 110 9000
82 123 30
67 85 3500
73 153 9000
107 110 9000
12 47 3500
53 84 9000
10 135 30
8 176 30
28 54 3500
45 139 9000
67 140 3500
112 173 30
87 98 9000
34 75 3500
79 90 9000
120 136 3500
109 144 9000
45 134 9000
40 122 9000
61 144 30
23 49 3500
107 164 9000
9 88 3500
27 115 9000
31 131 9000
63 83 3500
53 145 30
46 122 3500
101 168 9000
9 41 3500
53 67 9000
150 168 3500
73 89 3500
56 157 9000
40 71 30
21 88 9000
37 162 9000
78 149 9000
37 72 30
121 153 3500
12 92 30
72 164 9000
78 153 3500
93 125 3500
109 121 9000
59 94 30
61 75 3500
13 93 30
48 178 3500
30 125 9000
9 54 3500
130 174 3500
73 162 3500
14 65 3500
56 91 9000
135 138 10000
13 23 10000
99 139 3500
12 147 9000
6 119 30
38 116 9000
14 51 3500
22 31 3500
52 172 3500
29 171 30
78 175 30
74 150 3500
4 111 30
89 136 30
7 28 3500
115 166 3500
163 172 9000
119 151 3500
26 158 9000
89 145 3500
80 90 3500
19 124 3500
36 132 30
84 138 30
13 45 9000
84 141 9000
23 24 9000
26 147 3500
75 104 3500
13 51 9000
28 61 9000
34 83 9000
47 109 30
99 173 9000
7 174 30
12 129 3500
76 83 10000
43 172 3500
58 61 9000
42 130 3500
13 47 3500
25 178 9000
25 135 9000
56 163 3500
42 77 30
92 110 30
16 32 3500
26 127 30
53 64 9000
2 149 30
110 140 3500
110 154 3500
63 68 10000
14 78 30
93 130 3500
10 132 30
52 77 9000
48 59 0
124 171 9000
60 141 9000
12 51 9000
57 87 30
12 34 9000
70 103 3500
71 96 3500
27 172 9000
19 109 3500
83 135 30
45 169 3500
127 172 3500
37 114 30
100 122 9000
14 62 9000
35 179 9000
10 166 30
82 177 9000
55 129 30
138 162 9000
108 175 9000
102 155 30
68 149 9000
49 133 9000
131 142 9000
151 166 3500
63 142 3500
74 141 9000
39 65 30
16 168 30
74 174 30
39 86 9000
156 166 10000
61 159 30
43 59 3500
44 166 30
79 130 9000
104 154 30
125 138 9000
18 104 9000
40 77 30
2 118 30
46 169 3500
56 156 9000
63 108 3500
53 80 30
123 143 3500
32 163 3500
71 83 9000
27 78 3500
15 178 30
53 109 9000
8 75 30
67 146 9000
16 44 3500
18 47 3500
46 163 9000
25 179 9000
16 158 9000
26 103 30
23 133 3500
36 58 9000
4 139 30
20 25 3500
54 78 9000
44 143 9000
0 2 10000
68 153 30
0 88 30
69 162 9000
30 113 3500
11 42 9000
67 99 3500
0 106 30
112 136 3500
65 131 3500
128 177 3500
86 166 30
26 164 9000
99 112 30
84 131 9000
43 150 3500
38 142 9000
42 81 9000
96 143 9000
2 49 30
14 41 3500
34 129 9000
2 145 30
14 129 3500
153 167 3500
11 39 3500
17 172 30
157 170 3500
82 96 9000
10 55 30
78 179 30
123 163 30
169 174 10000
5 100 3500
60 80 3500
6 120 30
4 171 30
42 118 9000
35 128 9000
136 179 3500
121 160 9000
61 113 3500
85 113 9000
84 168 3500
5 9 10000
39 179 3500
137 149 30
30 160 3500
66 168 30
81 128 30
10 12 30
33 45 9000
109 157 9000
5 33 9000
35 57 3500
62 140 3500
30 166 9000
142 157 9000
100 137 9000
13 61 9000
0 146 30
72 122 30
115 129 3500
18 146 9000
94 101 3500
35 67 9000
1 128 30
161 173 9000
132 152 9000
6 107 30
60 166 30
128 168 3500
93 115 9000
5 22 3500
68 104 3500
51 55 10000
45 76 9000
5 28 3500
10 49 30
32 127 30
46 70 9000
174 175 20
46 176 3500
110 165 3500
38 125 9000
158 162 10000
3 131 9000
2 69 30
16 150 9000
32 38 9000
56 81 9000
16 120 3500
110 176 30
58 119 30
26 52 9000
108 160 3500
93 98 9000
10 82 30
76 121 9000
0 116 30
67 178 30
99 163 3500
75 163 9000
26 140 9000
127 142 3500
104 152 9000
45 99 30
0 55 30
65 164 30
5 114 30
8 114 30
19 76 30
17 125 3500
43 60 30
23 149 30
63 156 9000
37 80 9000
3 37 9000
65 113 9000
0 79 30
53 63 30
53 62 30
79 131 9000
66 139 3500
18 58 9000
66 175 9000
32 119 3500
65 169 30
131 168 9000
28 129 9000
84 114 9000
105 171 3500
54 59 10000
93 155 9000
5 73 3500
5 12 3500
47 115 30
42 76 30
3 46 9000
53 123 30
4 152 30
115 141 9000
40 171 3500
119 152 3500
153 171 9000
0 27 30
139 149 30
70 176 9000
17 42 9000
13 87 30
15 145 30
69 179 30
5 129 30
23 138 9000
36 176 3500
105 134 9000
79 141 30
125 150 9000
9 32 3500
39 173 3500
0 28 30
63 158 9000
123 154 3500
69 74 9000
19 77 30
41 64 30
42 168 9000
55 110 9000
21 178 30
73 110 3500
68 96 3500
53 135 9000
40 179 9000
23 66 3500
58 90 9000
7 144 9000
29 168 30
27 111 3500
43 64 30
101 139 9000
57 91 9000
120 153 3500
18 82 9000
19 162 30
137 175 3500
94 121 9000
37 134 30
25 42 3500
96 133 9000
11 152 30
39 113 30
6 156 30
81 175 30
59 89 9000
8 32 30
44 74 9000
88 169 9000
15 41 3500
48 126 9000
122 161 30
161 163 10000
73 131 30
155 177 3500
25 101 30
137 159 3500
31 126 9000
113 130 3500
84 129 3500
75 178 30
8 105 30
34 148 9000
147 159 9000
8 158 30
106 141 3500
1 111 9000
52 81 30
167 173 3500
33 126 30
31 101 9000
94 177 9000
12 44 9000
162 179 3500
164 175 3500
105 129 9000
2 129 30
17 171 9000
2 78 30
137 179 3500
66 71 10000
33 49 3500
8 157 30
115 148 9000
93 135 9000
36 75 9000
42 149 3500
16 174 30
95 154 3500
82 128 30
64 177 30
16 89 30
29 107 9000
29 164 3500
10 21 30
123 130 10000
23 137 9000
19 53 3500
76 115 9000
60 115 3500
6 139 30
111 133 3500
70 110 3500
67 171 30
5 29 3500
75 154 9000
76 143 30
2 146 30
12 32 3500
31 132 30
116 120 3500
6 18 30
25 55 3500
10 29 30
87 153 3500
100 179 9000
87 90 10000
65 118 3500
142 156 9000
2 14 30
8 94 30
9 139 30
98 166 9000
81 129 30
5 90 3500
92 97 3500
131 165 9000
39 67 30
89 124 9000
92 115 9000
27 30 10000
1 104 3500
61 145 30
14 135 9000
35 147 3500
117 147 9000
69 174 9000
131 161 9000
51 148 9000
43 53 9000
92 159 9000
28 57 9000
13 137 9000
68 159 9000
59 138 3500
7 9 10000
94 104 3500
40 75 9000
8 30 30
55 90 9000
93 145 9000
105 152 9000
30 134 9000
32 153 3500
110 117 10000
76 132 30
50 141 3500
32 33 20
4 143 30
74 89 3500
44 54 3500
92 157 30
37 49 9000
84 137 30
49 105 3500
55 64 9000
42 141 30
96 158 9000
74 77 10000
55 137 3500
4 18 30
117 163 9000
147 179 3500
65 106 9000
67 119 3500
74 115 3500
143 150 9000
26 32 10000
20 63 9000
21 85 9000
132 160 3500
84 170 9000
114 150 9000
52 170 3500
129 160 30
35 175 9000
95 118 30
96 161 3500
63 103 9000
25 169 9000
16 43 9000
12 35 9000
14 23 10000
24 98 9000
11 113 9000
4 165 30
26 134 9000
47 103 9000
0 132 30
10 105 30
60 72 9000
48 64 9000
22 114 3500
8 12 30
22 33 3500
39 139 9000
34 145 3500
2 119 30
124 159 30
33 44 9000
118 179 9000
92 153 3500
69 81 9000
38 88 3500
41 140 30
132 154 9000
49 59 10000
140 163 3500
93 161 30
6 97 30
108 122 3500
2 160 30
73 142 30
12 58 3500
2 131 30
5 72 3500
68 173 9000
45 167 30
34 36 9000
99 102 10000
100 104 10000
6 158 30
37 86 3500
141 142 0
87 156 30
139 173 3500
31 127 9000
99 135 9000
146 153 10000
5 103 3500
153 160 3500
76 137 9000
25 124 30
22 159 9000
87 178 3500
149 173 9000
54 74 30
25 57 3500
94 145 3500
46 62 9000
29 71 9000
77 165 3500
26 84 9000
21 56 3500
51 101 3500
128 155 3500
39 72 9000
49 81 30
92 93 20
93 128 9000
119 171 9000
134 156 3500
35 123 9000
74 139 9000
62 112 3500
35 59 9000
39 175 3500
0 9 10000
3 129 9000
8 138 30
89 110 9000
80 136 9000
15 119 3500
22 52 3500
9 168 9000
67 134 3500
55 87 9000
28 125 9000
18 89 30
28 128 9000
159 174 3500
18 178 30
79 144 3500
28 158 3500
86 138 9000
56 66 9000
1 77 3500
24 79 3500
32 176 30
27 140 9000
83 166 3500
132 172 3500
123 149 3500
53 156 3500
23 79 9000
17 179 30
148 158 3500
48 82 30
44 126 9000
80 86 9000
46 88 3500
91 163 30
39 137 9000
87 107 3500
99 145 30
134 176 3500
97 99 10000
91 108 9000
26 81 9000
40 135 30
61 63 10000
42 151 3500
38 166 30
31 168 30
19 62 3500
105 166 9000
12 15 10000
28 132 30
52 138 3500
86 122 9000
123 168 3500
124 169 3500
27 56 3500
32 54 9000
96 138 3500
36 50 3500
96 174 3500
173 174 0
78 125 9000
2 84 30
58 134 3500
58 175 9000
20 27 9000
12 100 30
25 167 3500
118 143 9000
16 36 3500
68 89 3500
38 97 30
47 134 30
42 59 3500
145 156 9000
125 132 3500
41 150 3500
72 147 9000
91 150 9000
13 48 3500
28 116 9000
149 170 3500
53 106 3500
31 70 9000
54 65 9000
119 176 9000
78 80 10000
0 87 30
90 94 10000
55 96 3500
10 44 30
26 111 3500
62 96 3500
60 123 9000
32 97 30
57 148 9000
49 98 3500
49 71 9000
65 70 10000
96 156 3500
47 147 3500
79 127 9000
61 102 3500
45 152 3500
15 143 3500
20 58 3500
100 151 30
20 125 3500
17 129 9000
75 96 3500
31 60 9000
23 77 9000
83 105 3500
2 41 30
54 106 3500
5 134 9000
22 131 3500
9 179 9000
31 93 9000
0 77 30
14 159 9000
134 152 30
124 149 9000
45 166 30
29 44 3500
89 152 3500
60 138 3500
88 146 3500
22 169 9000
116 159 3500
67 163 9000
25 38 3500
28 69 30
43 66 30
43 54 9000
17 28 9000
15 121 9000
34 118 9000
35 69 9000
24 85 30
17 32 3500
107 132 9000
6 94 30
10 23 30
131 141 3500
32 72 3500
16 172 30
87 179 3500
90 123 3500
17 79 30
5 156 9000
19 78 30
67 76 9000
6 90 30
88 120 3500
94 128 3500
113 151 9000
80 128 30
63 170 30
118 123 3500
13 49 3500
76 178 30
46 133 30
126 160 30
83 179 9000
24 165 3500
107 165 9000
95 168 3500
109 150 3500
56 60 30
38 149 3500
97 179 3500
4 45 30
69 119 3500
16 100 9000
9 23 3500
38 126 9000
92 168 3500
33 167 3500
58 157 3500
116 169 9000
26 154 9000
44 112 30
45 105 30
35 104 9000
74 123 30
31 178 30
41 178 9000
14 173 30
77 109 3500
10 13 30
56 150 9000
119 130 9000
53 167 3500
9 25 3500
66 137 3500
53 138 3500
116 176 30
60 71 0
85 136 30
113 154 3500
48 73 30
44 154 9000
55 100 9000
127 152 3500
129 142 3500
135 136 0
2 110 30
140 144 9000
10 152 30
23 111 3500
45 168 3500
64 139 3500
24 70 9000
57 58 0
47 49 9000
83 102 3500
79 124 9000
59 93 30
15 66 3500
1 145 9000
54 158 9000
1 46 3500
6 128 30
2 11 10000
32 62 30
33 133 9000
66 104 3500
32 64 30
50 108 30
113 149 9000
25 36 9000
73 132 30
60 173 9000
2 174 30
110 155 3500
39 140 9000
162 171 3500
88 112 9000
69 91 3500
61 126 3500
128 147 9000
3 155 9000
160 169 3500
48 110 30
9 45 3500
37 92 3500
13 169 9000
52 109 9000
34 150 9000
36 120 9000
32 128 9000
106 147 9000
18 170 9000
65 147 9000
110 174 30
28 76 9000
131 178 9000
23 53 3500
40 155 3500
51 140 3500
1 163 30
56 65 9000
119 145 9000
48 84 30
31 96 9000
99 128 9000
73 129 30
11 163 30
9 12 3500
39 91 3500
41 45 10000
34 174 9000
105 150 30
157 166 10000
92 96 3500
18 123 9000
148 165 3500
1 81 3500
117 141 3500
31 163 3500
47 179 3500
46 109 30
30 78 9000
97 167 3500
67 82 3500
71 87 9000
22 45 9000
52 55 10000
87 138 9000
81 162 9000
3 73 3500
15 133 3500
35 54 3500
35 51 3500
39 109 30
33 79 3500
71 81 3500
132 158 3500
1 37 3500
18 74 30
15 163 9000
51 78 9000
143 172 3500
25 70 9000
70 73 9000
0 72 30
5 128 30
4 22 30
1 14 3500
74 129 30
11 120 9000
100 173 3500
25 136 30
84 90 10000
66 103 3500
109 129 3500
34 177 9000
108 166 9000
146 161 3500
46 50 3500
7 130 9000
3 136 30
134 137 10000
118 121 9000
65 117 3500
75 86 9000
19 36 3500
31 160 3500
27 149 3500
75 151 3500
0 139 30
144 151 10000
6 177 30
41 125 3500
29 42 9000
41 172 3500
109 111 10000
1 177 9000
2 167 30
44 65 30
0 57 30
53 157 3500
109 163 3500
67 165 30
65 81 3500
79 173 30
79 105 9000
7 103 3500
86 127 3500
11 17 3500
20 60 3500
114 115 20
102 106 10000
55 136 3500
19 65 9000
76 102 3500
99 124 9000
9 29 9000
84 87 10000
15 127 3500
2 6 10000
137 162 9000
105 124 9000
24 128 9000
141 147 30
133 138 10000
88 115 9000
21 169 30
16 88 30
69 122 3500
56 152 30
117 174 30
15 144 30
97 169 3500
4 9 10000
26 78 3500
14 89 9000
43 90 9000
120 142 9000
21 74 30
9 93 3500
25 30 10000
135 155 9000
49 118 30
107 159 9000
36 63 9000
61 104 9000
62 78 3500
113 120 3500
15 115 9000
6 129 30
50 117 30
110 120 3500
127 163 30
158 164 10000
27 93 9000
30 161 3500
79 174 30
66 166 30
81 120 30
83 106 9000
26 141 9000
104 108 30
23 69 3500
33 114 9000
14 43 3500
51 52 0
121 124 10000
123 166 9000
1 44 3500
45 170 9000
39 56 9000
100 117 9000
50 163 3500
143 178 9000
12 28 3500
148 168 3500
108 134 3500
28 173 9000
113 135 9000
50 114 9000
96 125 30
54 120 30
92 135 9000
75 93 9000
126 142 3500
93 111 30
131 159 9000
0 101 30
55 132 3500
20 22 10000
114 156 3500
34 120 30
153 165 9000
94 122 3500
137 148 30
85 99 3500
42 138 9000
17 76 30
70 150 9000
107 175 3500
2 173 30
8 119 30
90 177 3500
57 63 30
102 166 3500
60 108 9000
102 160 9000
37 145 3500
86 90 10000
19 100 9000
2 79 30
27 43 3500
19 150 9000
123 153 9000
92 177 3500
40 137 9000
38 45 10000
18 86 30
69 113 3500
22 152 9000
73 106 9000
90 126 9000
35 148 9000
60 88 3500
100 169 9000
54 92 9000
71 126 3500
104 106 10000
37 131 9000
104 109 30
71 120 3500
42 174 3500
140 172 9000
135 152 30
115 179 9000
20 171 9000
151 169 3500
21 30 3500
92 128 9000
93 119 30
29 173 9000
34 109 9000
50 126 9000
40 114 9000
36 109 30
26 156 3500
90 162 30
76 97 3500
29 136 30
109 126 3500
75 164 3500
100 105 10000
132 159 3500
21 151 30
14 161 9000
15 94 9000
58 151 9000
42 114 9000
106 131 30
47 62 9000
44 111 9000
40 162 9000
53 54 0
38 56 9000
77 95 3500
49 140 3500
21 36 9000
3 27 3500
71 159 30
61 125 3500
18 107 9000
13 110 3500
65 69 10000
69 123 3500
26 85 9000
44 133 9000
5 170 30
35 89 30
36 163 9000
65 143 9000
36 41 10000
57 158 3500
85 177 9000
65 124 9000
44 79 9000
40 165 30
45 144 9000
17 165 9000
11 54 9000
61 81 3500
77 112 9000
67 74 3500
12 148 30
102 113 9000
44 157 30
133 137 10000
3 35 3500
16 73 9000
33 36 3500
116 124 3500
151 153 10000
120 125 10000
88 142 30
20 87 9000
92 99 9000
97 107 10000
72 160 3500
67 175 9000
17 143 9000
137 173 3500
44 168 3500
39 66 30
76 112 9000
89 108 9000
43 93 3500
76 164 3500
77 96 3500
16 55 3500
109 118 10000
96 176 9000
65 115 9000
62 113 3500
46 155 3500
46 120 9000
123 161 30
92 148 3500
50 131 9000
93 134 9000
7 113 30
25 171 9000
26 46 3500
57 120 9000
100 109 9000
35 125 30
77 153 3500
82 121 30
110 160 9000
13 139 9000
15 112 9000
65 76 9000
153 155 10000
140 143 10000
94 140 9000
92 179 3500
154 170 3500
56 95 30
125 137 9000
20 62 9000
14 37 9000
19 88 30
8 151 30
84 165 9000
78 109 3500
39 167 30
87 114 9000
55 105 3500
82 137 9000
153 176 9000
114 161 3500
174 177 10000
50 97 3500
40 175 3500
47 164 9000
132 179 9000
53 81 30
13 38 9000
12 165 9000
55 62 30
57 147 30
21 42 3500
37 79 30
76 110 3500
41 170 3500
111 154 3500
146 166 3500
29 47 3500
39 47 10000
96 141 3500
31 156 9000
7 139 9000
38 124 9000
24 119 9000
18 43 9000
30 120 9000
11 140 30
129 153 9000
28 170 30
68 95 9000
6 36 30
60 148 9000
121 168 9000
46 131 9000
55 150 9000
67 152 9000
55 178 9000
144 146 10000
90 96 3500
44 80 9000
23 173 9000
50 145 30
58 67 9000
94 150 3500
7 93 9000
35 154 3500
70 82 9000
50 138 9000
109 137 3500
6 12 30
142 167 9000
45 88 3500
30 167 9000
8 112 30
126 172 3500
49 131 30
3 178 9000
92 104 9000
40 177 3500
81 150 3500
117 177 30
49 121 30
45 96 30
163 169 3500
1 127 30
111 168 9000
36 104 30
76 120 9000
85 151 3500
16 175 30
77 119 3500
41 71 30
150 167 3500
152 177 9000
123 162 30
38 95 3500
20 158 9000
63 165 9000
40 115 9000
115 169 9000
96 121 30
43 65 30
13 124 9000
31 105 9000
77 131 9000
16 77 30
1 17 3500
52 112 9000
117 140 3500
21 65 3500
48 106 9000
133 165 3500
9 38 3500
33 134 9000
99 141 9000
4 66 30
128 154 3500
34 122 9000
46 104 30
3 41 3500
18 118 3500
62 135 3500
12 155 30
7 128 30
2 34 30
13 83 9000
45 153 3500
15 109 3500
21 126 3500
159 160 0
156 159 10000
28 103 9000
120 161 9000
18 25 3500
53 97 3500
67 131 3500
117 148 3500
114 125 9000
74 171 9000
66 124 9000
130 161 9000
65 91 9000
101 123 9000
65 74 3500
66 132 9000
123 150 3500
2 22 30
12 114 3500
69 80 9000
2 163 30
54 126 9000
145 164 3500
28 90 30
32 177 30
109 125 3500
79 147 3500
66 87 3500
41 128 9000
10 103 30
86 116 30
25 90 30
43 48 3500
76 140 30
50 61 30
6 168 30
171 173 10000
21 82 9000
60 128 9000
32 78 3500
71 168 9000
103 121 30
27 161 3500
35 162 9000
10 18 30
42 166 30
10 107 30
18 69 3500
46 56 3500
42 159 30
88 151 9000
38 58 3500
16 101 9000
22 106 9000
60 99 9000
99 140 9000
9 167 9000
14 160 9000
69 101 9000
100 145 30
41 124 3500
54 105 3500
57 152 30
55 169 9000
53 148 9000
55 125 9000
113 169 9000
98 115 30
88 137 30
12 142 3500
60 78 3500
121 152 3500
55 121 30
30 31 20
19 86 30
18 131 3500
9 111 30
8 146 30
45 160 9000
4 78 30
16 85 9000
50 63 30
64 106 9000
52 162 3500
81 83 10000
47 50 3500
65 170 30
109 128 3500
19 35 3500
24 131 30
4 129 30
55 57 10000
53 83 30
46 84 9000
130 133 9000
12 118 9000
116 148 3500
6 79 30
16 93 30
93 127 3500
54 56 10000
57 59 10000
32 88 9000
117 159 3500
82 163 3500
73 160 3500
49 84 30
103 141 3500
25 160 9000
56 142 3500
0 31 30
20 119 3500
107 121 30
9 91 3500
110 130 3500
118 175 9000
153 156 3500
88 179 9000
5 157 9000
95 124 3500
42 154 3500
74 138 9000
147 170 9000
0 107 30
33 150 3500
94 170 9000
57 65 9000
82 88 3500
116 135 3500
37 64 9000
42 87 3500
116 128 9000
57 124 9000
75 159 3500
105 106 0
60 159 30
48 76 9000
87 157 30
52 63 30
49 142 9000
47 100 9000
90 150 9000
43 152 9000
91 151 9000
40 53 9000
91 114 9000
49 134 3500
90 175 3500
72 99 3500
79 136 9000
40 167 30
26 132 9000
63 168 30
80 96 3500
23 73 9000
66 161 9000
122 139 3500
89 112 9000
4 85 30
92 141 9000
52 79 9000
21 28 3500
152 163 3500
15 85 9000
37 85 9000
113 158 9000
51 124 9000
28 71 9000
4 36 30
95 103 3500
12 90 30
7 8 0
17 111 9000
143 168 9000
34 151 9000
3 154 9000
108 138 3500
43 164 30
1 119 9000
70 81 3500
7 80 9000
41 151 3500
3 76 9000
65 149 9000
72 80 10000
35 146 3500
108 147 3500
22 89 30
35 163 9000
27 34 10000
13 101 30
38 134 9000
114 135 9000
8 46 30
62 89 3500
22 133 3500
15 99 30
29 96 9000
43 151 3500
82 157 3500
20 46 9000
106 109 30
19 175 30
113 128 3500
67 136 3500
33 85 9000
60 112 3500
149 153 10000
34 66 9000
81 155 9000
38 103 9000
116 153 9000
21 70 3500
157 169 9000
111 147 9000
33 88 9000
6 59 30
17 83 9000
33 158 9000
96 137 3500
41 155 3500
140 170 3500
21 46 9000
21 177 9000
41 135 30
69 177 30
52 61 30
34 149 9000
62 164 9000
55 88 9000
118 171 9000
60 177 9000
38 141 9000
64 95 3500
118 152 3500
106 171 9000
28 106 9000
11 103 9000
73 86 3500
109 149 3500
20 75 30
22 168 9000
27 39 9000
73 111 3500
2 134 30
98 173 9000
5 123 30
11 134 30
18 32 3500
160 177 3500
1 112 9000
116 122 9000
12 66 3500
166 170 3500
9 85 9000
38 44 10000
122 148 3500
62 88 3500
117 132 3500
72 176 9000
6 175 30
1 48 3500
72 78 10000
122 177 3500
26 142 9000
140 148 30
33 160 3500
55 81 30
21 35 3500
106 138 3500
6 133 30
66 140 3500
2 161 30
164 179 3500
9 87 3500
46 92 3500
94 157 9000
99 165 3500
101 169 9000
3 132 9000
112 154 3500
48 153 9000
11 95 3500
34 47 9000
1 3 10000
99 103 10000
41 79 30
44 99 30
53 102 9000
33 156 3500
14 91 9000
7 72 3500
34 80 3500
48 79 9000
90 104 3500
57 174 3500
78 120 9000
56 83 9000
31 138 30
76 156 9000
37 88 3500
17 122 9000
65 98 3500
36 140 30
48 66 9000
18 125 3500
87 143 9000
11 102 9000
11 133 9000
89 95 10000
11 43 9000
89 97 3500
143 153 9000
129 168 3500
14 138 3500
0 144 30
91 115 9000
82 136 9000
46 130 9000
18 76 30
83 111 3500
11 16 3500
31 41 9000
2 24 30
30 171 30
75 116 9000
60 76 3500
14 111 3500
15 17 10000
67 89 9000
19 83 9000
18 145 9000
42 101 9000
34 171 9000
47 150 9000
60 151 9000
4 164 30
56 132 3500
89 148 9000
89 137 30
115 161 3500
46 87 3500
160 170 3500
40 48 3500
40 72 30
7 104 3500
40 125 3500
11 114 9000
79 140 30
68 144 30
60 86 9000
36 64 9000
53 127 9000
51 163 3500
81 82 0
31 143 30
26 116 3500
9 160 9000
78 118 3500
47 52 3500
132 146 9000
16 90 30
42 56 3500
157 177 3500
40 172 3500
125 139 9000
13 147 9000
78 105 9000
77 145 3500
65 96 9000
79 129 9000
9 176 30
115 116 0
32 76 3500
141 173 9000
34 102 30
55 135 9000
5 173 30
11 141 30
73 154 3500
31 169 30
89 163 30
74 85 3500
166 175 3500
67 96 9000
7 90 3500
53 113 9000
68 158 9000
118 130 9000
52 159 9000
45 59 3500
83 159 9000
123 133 3500
32 85 9000
117 171 30
69 143 3500
114 142 3500
107 129 9000
140 150 30
6 111 30
13 136 9000
58 113 9000
106 166 3500
73 137 9000
75 169 30
31 175 9000
28 92 9000
24 118 9000
64 131 3500
98 112 30
32 73 3500
15 174 30
25 48 9000
159 171 9000
23 174 9000
109 173 9000
67 173 9000
37 70 9000
42 73 30
32 142 9000
23 33 3500
58 135 3500
44 56 9000
74 97 3500
31 87 9000
51 90 9000
6 86 30
28 155 3500
22 99 30
1 97 3500
74 157 3500
121 161 9000
16 159 9000
73 109 9000
54 119 9000
5 16 9000
8 58 30
141 146 30
94 134 9000
34 132 30
83 112 3500
74 106 3500
10 58 30
60 83 9000
102 156 3500
120 137 3500
19 105 9000
6 142 30
47 64 9000
0 173 30
63 133 3500
142 165 3500
51 130 9000
85 178 3500
127 143 3500
15 102 30
5 142 9000
18 171 9000
90 174 3500
23 82 9000
27 47 3500
56 71 30
9 143 9000
45 158 30
28 31 10000
88 150 9000
23 119 9000
133 171 3500
53 121 30
150 174 9000
164 169 3500
19 74 30
34 128 9000
36 128 3500
11 67 3500
142 164 3500
63 82 3500
89 121 3500
72 149 3500
41 43 10000
121 146 3500
31 46 3500
139 169 3500
30 177 30
16 79 30
144 172 3500
84 106 9000
0 91 30
5 35 3500
154 161 3500
56 128 9000
23 169 9000
89 142 30
78 86 3500
93 123 9000
4 61 30
76 130 9000
73 74 0
7 121 9000
100 175 3500
141 167 3500
74 120 30
20 56 3500
27 96 30
1 61 9000
22 158 9000
44 159 30
3 67 3500
6 89 30
31 171 30
0 16 30
67 114 9000
3 78 9000
12 72 9000
43 129 9000
43 62 9000
13 34 9000
21 55 9000
34 90 30
117 145 3500
16 179 30
105 172 9000
119 153 3500
135 178 3500
103 148 30
45 132 9000
30 132 30
112 157 3500
89 103 9000
42 127 3500
6 138 30
123 139 3500
35 97 30
3 113 30
17 20 10000
97 135 3500
26 47 3500
85 141 9000
62 161 9000
113 125 9000
42 144 3500
8 83 30
8 70 30
148 167 3500
25 69 9000
9 165 9000
36 86 3500
1 101 9000
34 168 9000
0 38 30
86 158 9000
4 151 30
4 55 30
157 178 9000
140 149 30
118 165 3500
16 162 30
29 151 3500
34 114 3500
12 103 30
73 145 3500
63 123 3500
76 136 9000
29 102 9000
121 130 10000
98 154 30
105 156 9000
129 146 9000
97 157 3500
108 158 3500
140 155 9000
9 164 9000
9 97 3500
54 173 3500
30 50 9000
63 85 9000
13 60 9000
12 40 3500
69 144 30
57 74 9000
24 103 30
32 148 3500
36 119 30
8 161 30
165 176 9000
68 79 3500
4 46 30
33 84 9000
72 127 9000
152 154 10000
51 93 30
26 83 3500
109 140 3500
99 155 30
108 178 9000
147 172 3500
58 102 3500
84 115 9000
11 38 3500
53 137 3500
45 54 3500
40 131 3500
116 167 3500
100 174 3500
7 34 3500
108 162 3500
31 99 9000
47 144 3500
50 82 9000
28 59 3500
22 171 9000
62 93 3500
95 141 9000
36 81 9000
37 60 9000
48 170 3500
57 89 9000
30 169 30
84 97 9000
0 6 10000
44 109 30
53 107 3500
49 109 30
166 173 3500
20 172 30
125 152 3500
10 109 30
19 99 9000
25 110 3500
32 69 30
62 102 9000
128 144 3500
17 30 9000
28 112 3500
3 11 10000
37 154 3500
38 170 9000
82 105 3500
9 76 9000
34 130 30
13 46 3500
11 118 9000
26 163 3500
100 127 30
64 167 30
65 116 3500
9 127 9000
29 35 10000
16 132 9000
23 103 30
97 115 30
95 115 9000
0 49 30
121 147 3500
143 174 3500
14 128 3500
44 131 3500
105 126 9000
22 51 9000
108 114 10000
36 143 30
104 123 9000
68 84 9000
15 82 9000
36 39 10000
3 94 9000
111 124 3500
66 148 9000
74 101 9000
94 98 3500
72 105 3500
14 15 20
34 167 3500
29 81 3500
63 155 30
1 42 9000
31 165 3500
57 96 3500
83 168 9000
87 177 3500
70 124 3500
28 60 9000
62 171 30
7 169 9000
46 57 3500
32 149 3500
29 163 3500
25 142 30
6 82 30
77 105 9000
43 86 3500
69 173 9000
102 154 30
124 133 3500
84 91 10000
6 109 30
18 119 3500
90 170 3500
18 33 3500
17 95 9000
52 83 30
122 133 3500
97 140 3500
163 171 3500
14 69 9000
84 85 20
22 132 3500
132 147 9000
123 146 9000
107 150 9000
95 144 3500
94 178 3500
155 163 3500
92 140 9000
110 153 9000
157 161 10000
92 122 9000
29 139 30
23 126 9000
1 151 30
112 122 3500
65 105 3500
68 155 30
8 167 30
65 139 3500
3 31 9000
78 144 3500
84 135 9000
75 119 3500
100 157 3500
33 54 9000
131 150 3500
16 84 9000
58 73 30
122 144 3500
33 74 9000
92 164 9000
28 44 3500
42 164 30
52 118 9000
23 59 3500
25 112 3500
67 172 9000
4 28 30
63 140 3500
24 74 3500
59 88 9000
50 160 3500
5 6 0
121 131 10000
24 151 9000
23 125 9000
79 128 9000
20 81 30
2 50 30
44 158 30
88 154 3500
117 168 9000
49 89 9000
34 119 9000
66 92 3500
30 123 9000
58 116 30
53 125 9000
75 128 30
94 175 3500
128 140 9000
68 99 3500
46 123 3500
157 158 0
18 159 9000
75 102 9000
84 95 0
130 138 3500
41 91 9000
24 96 30
23 110 3500
25 154 3500
1 2 0
64 67 10000
79 86 3500
31 148 3500
41 121 3500
22 60 9000
82 87 3500
3 91 3500
7 85 3500
24 81 3500
52 120 30
3 115 30
92 109 30
48 171 3500
177 179 10000
24 63 9000
105 111 9000
86 107 3500
103 136 9000
70 93 9000
134 171 3500
25 151 9000
7 155 9000
47 130 9000
100 139 9000
96 120 30
39 128 3500
24 36 9000
70 115 3500
137 151 30
54 80 30
71 93 9000
54 94 9000
9 72 3500
105 175 9000
19 55 3500
46 165 9000
172 175 10000
133 153 9000
101 111 9000
82 131 30
3 165 9000
46 47 20
54 146 30
3 152 30
118 153 3500
27 158 9000
8 81 30
10 98 30
2 65 30
41 168 9000
5 144 9000
36 179 3500
77 177 9000
28 68 30
161 177 3500
40 61 30
20 140 9000
129 159 30
118 167 9000
7 69 3500
131 153 3500
113 143 3500
96 124 30
81 116 9000
54 168 9000
29 172 9000
108 126 3500
15 54 9000
1 36 3500
33 86 9000
125 171 9000
133 175 3500
95 164 9000
78 172 30
86 94 10000
85 122 3500
96 115 30
132 135 10000
45 74 9000
103 113 9000
74 142 9000
145 170 3500
110 139 9000
141 150 30
11 145 9000
16 173 30
83 115 3500
135 176 3500
45 164 30
11 97 3500
52 151 9000
32 135 9000
86 105 9000
100 118 9000
82 162 3500
79 117 3500
56 126 9000
27 147 3500
13 92 30
83 154 3500
54 135 9000
43 170 3500
2 143 30
71 89 3500
78 161 3500
39 100 9000
66 179 30
37 62 9000
164 176 9000
24 174 9000
22 26 3500
98 121 9000
33 162 3500
167 175 3500
49 129 30
36 172 9000
58 178 3500
59 106 9000
3 126 9000
100 171 3500
24 49 9000
117 154 3500
165 166 0
44 110 9000
42 44 10000
48 147 9000
38 119 30
75 144 9000
75 166 3500
22 54 3500
50 123 9000
67 108 3500
1 33 3500
62 63 20
20 92 9000
100 141 3500
74 112 3500
1 27 3500
12 111 3500
73 91 3500
57 115 9000
88 165 9000
24 29 10000
30 95 30
17 102 9000
14 58 3500
64 97 9000
127 149 9000
134 172 9000
3 33 3500
19 27 3500
43 167 30
39 49 3500
66 127 9000
136 156 3500
46 115 30
13 55 3500
25 47 9000
54 171 3500
93 131 3500
58 160 9000
38 146 3500
1 172 9000
30 109 3500
25 103 30
46 68 9000
8 137 30
79 152 3500
94 126 3500
105 117 9000
67 104 3500
106 149 9000
17 65 9000
15 117 3500
59 131 30
141 178 3500
146 150 10000
21 164 9000
79 107 3500
60 133 3500
89 118 9000
132 150 9000
68 102 9000
82 146 9000
18 115 3500
37 75 9000
80 115 3500
9 57 9000
91 148 9000
2 130 30
41 137 9000
25 41 3500
51 149 9000
80 114 3500
89 164 9000
8 113 30
58 174 9000
13 175 9000
11 156 9000
93 142 9000
91 144 3500
32 96 30
73 176 9000
42 161 9000
149 166 3500
96 154 9000
128 165 30
10 11 20
104 113 30
18 147 9000
113 155 3500
44 113 30
21 161 9000
102 138 9000
4 27 30
38 158 30
36 121 9000
30 175 9000
129 137 3500
25 117 3500
3 97 3500
86 129 9000
17 98 9000
87 111 30
24 75 3500
94 133 30
16 108 3500
8 118 30
96 118 30
129 177 3500
6 153 30
80 95 3500
5 127 30
31 92 9000
96 131 30
60 147 30
10 115 30
74 133 9000
18 85 9000
42 57 3500
54 125 9000
75 141 9000
108 164 3500
72 155 3500
37 81 9000
10 91 30
60 174 9000
136 153 30
2 25 30
43 71 30
137 154 9000
60 154 30
41 173 3500
100 126 30
94 165 9000
1 148 30
32 173 9000
39 55 3500
41 74 9000
83 150 3500
33 125 30
51 172 3500
124 157 9000
106 118 30
27 55 9000
38 160 9000
11 127 30
6 171 30
83 113 3500
45 79 9000
60 170 9000
37 164 9000
63 90 3500
112 131 3500
111 126 3500
81 169 30
105 170 3500
62 145 30
84 149 3500
166 179 9000
62 110 9000
43 132 30
52 108 9000
103 178 9000
94 139 30
95 116 30
0 137 30
71 85 3500
86 120 3500
89 168 9000
134 154 9000
26 176 30
93 103 3500
27 28 0
50 167 9000
9 115 30
54 128 30
147 155 10000
70 129 9000
98 171 3500
76 103 3500
9 108 9000
5 159 30
74 82 10000
125 141 3500
104 165 3500
36 60 9000
45 80 9000
130 145 9000
43 142 30
41 162 9000
34 144 3500
143 157 9000
17 107 9000
106 163 3500
87 125 3500
112 169 9000
63 117 9000
100 150 30
51 96 3500
35 38 3500
71 72 9000
89 106 3500
57 139 9000
63 86 3500
14 33 9000
27 131 30
55 56 0
89 102 9000
91 103 9000
102 157 3500
7 68 3500
116 142 3500
73 136 9000
105 131 9000
0 148 30
13 140 3500
4 121 30
52 84 9000
24 44 3500
138 160 9000
74 156 3500
66 81 3500
55 109 9000
68 71 10000
104 158 3500
54 114 9000
15 86 9000
44 176 9000
67 142 9000
76 154 3500
86 123 9000
86 165 9000
81 121 30
16 18 10000
136 162 9000
5 27 9000
72 101 3500
43 46 10000
126 154 3500
15 103 30
55 147 30
48 134 3500
31 120 9000
151 170 3500
51 110 30
92 155 9000
21 98 30
44 153 3500
176 179 10000
86 170 3500
84 136 30
154 172 3500
17 22 10000
21 141 9000
44 58 3500
16 22 10000
25 81 3500
22 144 30
75 171 9000
51 87 30
6 100 30
98 134 9000
130 143 9000
57 111 30
28 109 3500
47 76 30
94 147 9000
23 155 30
5 39 9000
22 112 3500
78 96 3500
31 114 3500
49 52 10000
10 139 30
128 129 20
70 88 3500
16 54 3500
23 25 9000
104 174 9000
66 85 3500
113 167 3500
51 145 30
2 32 30
18 29 9000
48 60 9000
83 121 30
0 53 30
161 162 0
26 63 30
17 161 30
20 150 30
93 136 9000
131 160 9000
72 178 9000
54 152 30
86 91 10000
99 151 30
3 145 9000
32 46 3500
42 89 9000
2 27 30
26 126 30
87 88 0
29 68 30
64 78 9000
20 151 30
61 114 3500
143 164 3500
79 168 30
64 73 3500
32 49 3500
33 64 30
62 111 9000
97 149 9000
16 153 9000
124 154 3500
40 153 9000
29 105 9000
71 106 3500
19 103 9000
2 63 30
54 97 3500
5 49 9000
29 144 3500
90 168 9000
3 36 9000
137 168 3500
12 153 9000
27 85 9000
8 9 20
79 120 9000
77 174 30
26 124 30
10 72 30
144 150 10000
12 109 9000
18 35 3500
50 178 3500
83 152 9000
11 78 3500
103 158 3500
3 127 9000
155 170 3500
123 140 9000
7 111 30
51 114 9000
86 89 10000
156 162 10000
6 95 30
45 123 3500
13 97 9000
46 166 9000
64 140 3500
54 129 30
104 168 3500
45 127 9000
13 40 3500
80 91 3500
7 51 3500
10 142 30
88 136 30
52 87 9000
25 170 9000
79 99 9000
46 168 3500
17 41 9000
120 135 3500
48 58 10000
61 118 9000
68 125 3500
48 103 3500
56 97 3500
128 153 9000
99 174 9000
57 149 9000
146 165 9000
8 177 30
3 164 9000
32 171 30
0 84 30
16 169 30
78 136 9000
108 113 10000
128 174 9000
52 131 30
125 134 3500
54 67 9000
64 118 3500
89 175 3500
134 142 10000
124 136 9000
35 50 3500
18 57 3500
74 158 3500
6 57 30
69 142 3500
38 112 30
42 176 3500
77 80 10000
61 132 3500
13 62 3500
57 78 9000
120 176 3500
56 59 10000
19 41 9000
20 123 3500
79 150 9000
118 131 9000
153 159 9000
28 162 3500
85 100 3500
53 70 30
102 172 3500
108 137 3500
24 147 3500
33 96 30
8 11 10000
12 94 9000
84 109 30
82 84 9000
47 92 3500
29 69 30
48 159 3500
28 43 9000
84 144 3500
19 169 30
33 95 9000
39 77 9000
124 150 9000
41 52 9000
135 145 9000
31 157 9000
101 166 3500
42 66 30
45 95 3500
20 113 9000
3 140 30
127 161 30
42 140 30
130 170 3500
2 162 30
98 145 30
27 117 3500
69 152 30
28 163 3500
64 107 9000
148 149 20
143 175 3500
53 152 30
26 90 9000
8 126 30
138 148 30
97 171 9000
50 154 30
70 123 9000
51 66 9000
143 176 3500
50 70 30
83 158 9000
36 160 9000
109 120 9000
139 178 3500
104 129 9000
140 142 10000
71 156 30
17 113 3500
79 100 3500
97 121 30
1 29 3500
10 19 30
42 48 3500
128 146 9000
36 48 9000
48 130 30
131 143 9000
90 103 9000
5 148 9000
27 67 30
18 37 3500
117 165 3500
107 171 9000
4 117 30
69 147 30
66 68 10000
140 156 3500
24 67 9000
24 141 9000
6 179 30
71 74 3500
59 169 3500
71 169 9000
22 34 9000
104 162 3500
61 103 3500
128 167 9000
13 158 9000
91 176 3500
44 84 3500
46 154 3500
5 168 9000
141 158 9000
8 16 30
131 172 3500
2 117 30
0 168 30
59 111 30
71 78 3500
153 164 9000
23 85 9000
110 149 3500
4 48 30
23 92 30
70 85 3500
131 137 3500
72 100 3500
118 128 3500
97 127 30
67 170 30
15 69 9000
60 93 9000
72 97 9000
83 123 30
0 111 30
5 75 9000
73 80 10000
46 71 9000
49 60 9000
87 113 9000
33 35 10000
39 150 3500
149 163 9000
22 91 30
11 139 30
46 161 9000
10 172 30
30 32 10000
73 81 10000
21 49 3500
11 174 9000
23 143 3500
86 175 9000
75 138 9000
113 176 30
30 44 3500
5 135 9000
63 136 9000
47 154 3500
35 155 3500
122 147 9000
95 110 30
103 139 9000
47 127 3500
95 155 3500
0 138 30
11 52 9000
77 85 3500
149 152 10000
36 70 9000
3 179 9000
108 124 3500
115 176 30
63 164 9000
17 144 9000
59 158 3500
23 108 9000
49 66 9000
81 99 3500
25 118 9000
8 121 30
10 157 30
55 102 9000
66 89 9000
162 178 3500
156 157 20
135 149 30
24 32 10000
99 148 30
62 167 9000
7 115 30
83 127 9000
68 142 3500
111 144 3500
156 165 10000
78 106 3500
9 113 30
164 174 3500
79 114 9000
58 97 9000
22 160 30
70 100 3500
70 164 30
89 147 3500
25 150 9000
49 127 9000
26 74 9000
22 128 3500
50 98 9000
35 176 9000
108 136 3500
95 121 9000
3 64 3500
75 79 10000
10 118 30
113 122 3500
89 120 3500
55 139 3500
48 135 3500
3 63 9000
63 151 9000
21 113 9000
39 48 3500
0 10 10000
89 125 9000
107 154 9000
49 148 9000
8 56 30
72 128 30
38 143 9000
116 179 9000
84 139 30
0 43 30
119 148 3500
145 168 9000
3 10 10000
42 129 9000
9 79 9000
37 137 9000
10 121 30
111 116 10000
2 165 30
82 158 9000
70 102 3500
19 139 3500
63 138 9000
39 99 30
53 82 30
110 173 30
132 171 3500
72 138 9000
116 125 3500
8 48 30
88 149 9000
32 145 9000
15 62 9000
108 171 9000
147 152 10000
7 86 9000
130 167 9000
137 170 9000
54 115 9000
19 128 9000
74 130 30
114 174 30
52 128 30
64 146 9000
94 161 9000
17 168 30
112 129 3500
36 84 9000
41 102 9000
30 46 3500
112 124 9000
7 17 9000
13 19 10000
73 120 30
72 90 3500
105 162 3500
65 86 3500
68 69 20
8 171 30
77 121 9000
100 178 9000
23 132 3500
48 85 30
46 101 9000
39 102 9000
80 82 10000
64 115 9000
148 164 3500
50 165 3500
106 150 9000
75 125 9000
91 136 30
149 175 9000
117 155 3500
33 59 3500
29 56 9000
64 159 30
113 170 30
66 160 9000
8 39 30
92 176 3500
62 64 10000
19 46 3500
132 148 9000
42 107 9000
32 93 9000
84 117 30
135 160 3500
68 91 3500
42 83 30
136 173 3500
58 152 9000
76 105 9000
26 121 30
33 136 9000
158 175 3500
35 58 9000
139 144 9000
137 157 3500
35 129 9000
110 115 10000
59 133 9000
69 155 30
57 110 30
49 91 9000
2 132 30
99 131 9000
85 161 9000
92 95 10000
6 150 30
54 96 3500
14 82 9000
22 175 9000
36 37 20
55 171 3500
133 154 9000
52 93 9000
129 175 9000
67 87 3500
42 99 9000
2 101 30
157 168 9000
65 121 3500
55 112 9000
169 177 10000
8 104 30
59 153 9000
82 172 9000
148 159 3500
53 76 9000
28 49 3500
100 123 9000
33 40 3500
105 137 3500
23 64 3500
91 177 3500
138 166 3500
20 64 3500
52 62 30
80 108 3500
8 160 30
98 163 3500
49 179 3500
115 146 3500
18 140 3500
58 149 9000
117 136 9000
128 151 3500
86 132 9000
43 51 3500
137 156 3500
30 131 9000
56 89 9000
82 132 30
64 110 3500
40 146 9000
102 163 9000
49 54 10000
75 148 3500
119 160 3500
24 109 9000
28 150 3500
43 57 3500
109 146 3500
132 142 10000
108 129 3500
94 125 3500
47 148 9000
26 66 30
29 73 3500
101 134 3500
38 81 9000
48 179 3500
23 57 9000
14 67 3500
60 164 30
35 49 9000
28 73 3500
23 95 9000
81 95 3500
67 120 3500
75 134 9000
13 20 10000
104 159 3500
47 155 3500
35 101 30
145 151 10000
6 146 30
71 97 3500
58 169 3500
90 121 3500
59 102 3500
73 127 9000
58 145 9000
71 171 9000
26 42 3500
121 171 3500
39 151 3500
2 62 30
72 151 3500
25 91 30
88 104 3500
14 165 9000
105 146 9000
71 73 9000
3 100 3500
35 133 30
29 97 9000
20 104 30
111 148 3500
44 67 30
62 114 3500
138 174 3500
6 84 30
7 120 9000
20 168 30
32 110 3500
156 168 9000
100 143 3500
35 159 3500
95 173 3500
29 108 3500
76 161 3500
20 94 9000
108 155 9000
88 168 9000
96 139 3500
30 77 9000
26 170 30
95 112 9000
31 54 3500
10 106 30
63 76 3500
163 178 3500
27 70 9000
33 34 0
65 127 9000
10 173 30
101 145 30
26 72 3500
78 155 3500
124 158 30
63 173 9000
18 77 30
13 126 9000
24 93 9000
53 165 9000
53 75 30
16 144 9000
51 72 9000
36 74 9000
28 97 9000
22 61 9000
10 161 30
85 140 9000
124 134 3500
25 63 9000
78 152 3500
102 132 3500
4 120 30
53 130 30
16 155 9000
70 142 3500
59 85 30
84 134 9000
88 113 9000
91 157 30
71 154 30
81 115 3500
108 169 9000
151 167 3500
32 59 3500
14 122 3500
15 36 9000
28 122 9000
121 178 9000
1 84 3500
145 165 3500
107 116 9000
7 143 9000
42 100 9000
101 173 3500
3 90 3500
145 177 3500
27 120 30
25 146 3500
21 145 30
32 118 3500
144 147 10000
15 155 30
31 62 30
12 88 30
60 104 9000
48 116 30
97 165 9000
52 67 9000
40 130 3500
130 179 9000
107 170 9000
0 174 30
143 171 3500
11 64 3500
62 82 3500
115 168 9000
1 133 9000
76 79 10000
48 162 9000
65 162 9000
83 120 30
71 102 3500
10 162 30
56 169 3500
86 112 9000
76 84 3500
38 41 10000
46 94 9000
67 159 30
86 104 9000
103 147 9000
96 167 3500
4 43 30
70 112 3500
65 99 3500
145 162 3500
114 134 9000
130 135 3500
21 173 30
133 177 3500
119 154 9000
12 108 9000
64 157 30
10 111 30
117 137 9000
5 164 30
111 136 9000
81 113 3500
19 138 3500
123 173 9000
18 133 9000
2 122 30
76 134 30
28 35 10000
20 120 9000
13 135 3500
87 150 3500
24 87 9000
108 154 9000
50 103 3500
141 155 9000
97 125 30
89 107 3500
97 142 9000
96 102 10000
64 96 9000
79 113 9000
67 90 9000
107 168 3500
20 33 9000
135 139 10000
48 91 9000
33 38 9000
77 155 3500
31 139 30
85 176 9000
49 69 9000
0 86 30
34 166 3500
135 173 9000
165 177 9000
30 138 30
4 177 30
4 57 30
63 179 30
9 69 9000
27 92 9000
30 57 9000
4 26 30
72 111 3500
43 134 30
9 90 3500
12 104 30
34 68 9000
86 113 9000
5 79 3500
36 67 9000
45 124 9000
35 66 9000
11 87 3500
101 116 9000
102 105 10000
69 165 9000
71 122 9000
92 175 9000
60 68 10000
34 127 30
53 141 9000
19 24 3500
90 107 3500
79 172 30
75 80 10000
28 55 3500
35 63 9000
57 146 30
17 24 3500
115 174 30
78 160 3500
78 87 3500
99 107 10000
5 137 9000
117 122 9000
47 48 9000
32 143 9000
40 82 30
19 113 3500
127 153 3500
18 42 9000
21 77 30
80 160 9000
76 169 30
66 171 30
108 170 9000
62 74 9000
54 143 3500
44 139 9000
68 116 9000
132 145 9000
126 179 3500
78 113 9000
165 178 3500
17 147 9000
93 96 3500
82 159 9000
8 134 30
134 139 10000
48 88 9000
1 153 30
50 81 9000
46 140 30
0 145 30
83 98 3500
116 177 30
31 64 30
71 118 9000
116 175 30
81 144 9000
3 117 30
115 121 3500
8 63 30
67 78 9000
16 66 9000
147 154 10000
89 91 10000
29 137 30
22 157 30
6 42 30
127 133 3500
19 173 30
1 134 30
94 155 3500
24 154 3500
83 103 3500
104 167 9000
38 89 3500
4 41 30
24 26 10000
10 129 30
7 70 3500
75 147 3500
9 33 3500
147 158 9000
38 179 3500
114 118 10000
49 55 10000
20 96 9000
51 154 30
8 175 30
91 124 9000
33 58 3500
24 177 9000
1 140 30
149 157 3500
11 37 3500
29 110 9000
15 35 3500
24 65 9000
143 173 3500
90 164 9000
46 76 30
69 94 9000
16 81 30
51 74 9000
77 163 3500
13 42 3500
28 144 3500
1 49 3500
27 153 3500
0 45 30
21 53 9000
42 120 3500
52 150 9000
37 151 9000
66 97 9000
19 45 3500
23 121 3500
11 155 9000
87 102 3500
47 145 3500
167 172 3500
145 171 3500
5 48 9000
119 128 3500
102 150 30
81 174 30
94 168 3500
25 79 3500
135 158 9000
9 59 3500
143 161 3500
3 168 9000
35 80 3500
48 101 3500
130 142 9000
58 60 9000
80 106 3500
40 111 9000
22 103 30
30 159 3500
7 131 9000
83 109 9000
139 167 3500
4 95 30
123 165 30
90 167 30
60 161 9000
122 124 10000
57 100 3500
38 96 30
31 98 9000
89 131 3500
85 179 3500
32 66 30
84 150 3500
73 100 3500
59 70 9000
23 178 9000
40 117 9000
44 136 9000
85 102 3500
4 147 30
61 138 3500
103 168 9000
111 175 30
37 76 30
22 73 9000
37 117 9000
89 165 9000
3 28 9000
150 157 3500
54 104 3500
122 176 3500
117 166 3500
50 95 30
86 156 30
62 67 10000
33 66 30
45 176 9000
56 134 3500
6 64 30
46 106 30
33 91 9000
43 106 9000
62 107 3500
97 122 9000
25 144 3500
82 165 9000
30 151 3500
39 74 9000
119 167 9000
43 82 30
87 132 9000
7 125 30
4 7 10000
80 140 9000
51 68 30
7 25 3500
158 161 10000
90 144 3500
148 154 10000
21 32 9000
11 131 9000
33 152 3500
136 175 3500
142 172 3500
14 156 9000
107 167 3500
4 137 30
20 50 3500
109 122 3500
23 139 9000
21 100 30
114 177 30
146 171 9000
105 136 3500
56 69 30
84 128 3500
0 169 30
24 163 9000
126 171 9000
67 107 9000
27 108 3500
25 140 9000
3 109 9000
78 82 10000
67 150 9000
17 54 3500
82 95 9000
10 143 30
5 11 10000
12 152 9000
12 174 9000
143 159 3500
150 163 9000
27 145 9000
11 151 30
21 121 9000
144 156 9000
63 139 9000
86 172 9000
11 68 3500
45 107 30
148 150 10000
14 68 9000
3 59 3500
155 165 3500
41 169 9000
98 179 3500
8 153 30
82 100 3500
52 168 9000
46 90 3500
32 172 9000
36 43 10000
55 156 3500
56 151 9000
62 122 3500
17 87 30
108 123 3500
37 107 30
38 135 9000
31 81 3500
76 133 30
44 77 9000
126 175 3500
23 101 30
40 59 3500
150 170 3500
32 40 3500
86 115 9000
1 85 3500
81 131 30
40 108 9000
61 98 9000
27 137 9000
35 47 9000
13 86 30
88 105 3500
59 173 9000
111 157 3500
92 94 10000
87 160 30
24 53 3500
13 77 9000
41 83 30
10 131 30
11 170 9000
93 146 3500
140 154 9000
57 92 30
38 174 3500
93 106 3500
107 177 9000
116 149 3500
62 174 9000
39 108 30
62 128 3500
54 137 3500
122 162 30
114 126 9000
35 94 30
31 43 9000
40 112 9000
74 78 10000
123 178 3500
62 148 9000
131 163 9000
120 134 3500
73 152 9000
0 171 30
71 148 9000
146 178 3500
98 136 3500
27 151 3500
26 70 9000
46 85 9000
13 145 30
70 165 30
30 111 9000
104 118 30
129 155 3500
85 130 9000
20 79 30
10 151 30
162 163 20
66 173 9000
81 168 30
27 129 9000
37 77 30
77 116 3500
49 144 9000
88 174 3500
20 118 3500
57 172 3500
21 171 9000
36 102 9000
46 64 9000
18 155 9000
48 78 9000
6 149 30
117 149 3500
36 115 30
25 174 9000
7 73 3500
106 159 9000
108 141 3500
5 15 3500
51 152 30
105 177 3500
25 163 9000
36 114 30
62 77 3500
85 87 10000
108 140 3500
80 127 9000
16 17 20
163 166 10000
14 95 9000
99 154 30
40 104 9000
49 155 9000
160 161 20
16 97 9000
68 163 9000
7 108 9000
42 82 30
82 110 3500
55 79 9000
6 170 30
58 104 3500
37 167 9000
25 164 3500
25 54 3500
44 96 30
12 157 30
45 55 3500
46 158 9000
79 82 10000
16 33 3500
129 158 30
1 43 9000
8 73 30
61 90 3500
97 166 3500
89 172 3500
20 68 9000
90 141 9000
28 96 9000
24 94 30
138 158 3500
18 97 9000
91 120 3500
13 26 3500
121 175 3500
20 116 3500
87 115 9000
4 176 30
41 132 30
89 111 9000
38 114 30
25 104 9000
113 147 3500
88 94 10000
102 122 9000
62 108 3500
50 93 30
1 158 30
9 128 9000
103 110 9000
1 125 30
17 136 3500
128 164 30
64 135 3500
30 145 3500
54 131 30
109 174 9000
84 127 3500
68 179 30
82 160 3500
131 140 3500
132 157 9000
70 132 3500
49 150 9000
42 170 3500
85 152 9000
43 116 9000
0 89 30
90 117 9000
34 59 9000
21 97 9000
22 170 9000
37 95 9000
92 161 30
75 90 3500
65 119 3500
55 179 9000
18 30 9000
84 145 3500
25 88 30
28 176 30
114 178 9000
15 32 9000
101 133 3500
17 75 30
50 170 9000
30 137 30
9 138 30
57 103 3500
2 136 30
94 118 30
115 134 9000
8 110 30
68 134 3500
27 62 30
66 105 3500
76 160 3500
7 123 30
12 144 30
6 24 30
26 166 3500
16 171 9000
57 178 3500
80 130 30
45 91 3500
47 176 3500
5 23 3500
75 83 10000
88 117 9000
97 141 3500
43 77 30
87 131 3500
138 154 9000
96 172 3500
0 58 30
14 171 9000
158 159 20
14 73 9000
148 179 3500
72 89 3500
0 40 30
38 145 9000
26 79 3500
11 86 3500
40 80 9000
82 120 30
68 115 3500
25 60 9000
17 134 3500
74 117 9000
40 60 30
119 147 3500
121 165 9000
111 167 3500
114 141 9000
63 80 9000
77 79 10000
114 157 3500
124 148 9000
6 116 30
87 165 9000
48 165 3500
11 130 9000
33 165 9000
73 76 10000
32 37 3500
12 105 30
86 135 9000
20 36 9000
24 133 30
21 179 30
102 126 30
87 172 9000
48 157 3500
87 141 9000
62 165 9000
169 171 10000
100 124 30
57 88 9000
13 57 9000
64 145 9000
162 176 3500
43 95 3500
49 73 30
45 97 30
54 144 30
21 31 3500
58 131 30
6 37 30
26 138 9000
93 124 3500
49 62 9000
37 153 3500
138 176 9000
13 50 9000
23 106 9000
26 41 3500
59 81 30
0 92 30
78 148 9000
68 122 3500
155 161 3500
58 64 9000
59 147 9000
62 178 30
40 62 9000
22 85 9000
54 109 9000
58 126 9000
4 156 30
117 160 9000
134 173 9000
149 164 3500
106 115 30
1 83 9000
25 168 9000
10 141 30
6 62 30
0 21 30
28 131 9000
19 106 9000
86 106 3500
41 61 30
147 168 3500
88 119 9000
118 135 3500
7 129 30
55 117 9000
58 123 30
100 153 9000
19 57 3500
3 112 30
101 131 30
94 169 3500
36 130 9000
23 145 30
7 78 3500
66 110 3500
95 135 9000
115 164 9000
5 55 3500
8 169 30
63 100 9000
140 166 3500
34 156 3500
85 162 9000
41 144 3500
40 152 9000
46 129 3500
59 64 9000
123 151 3500
62 138 9000
114 167 3500
27 128 9000
70 140 9000
39 171 9000
103 116 9000
3 43 3500
86 144 9000
158 178 3500
42 72 30
137 174 3500
112 164 9000
129 176 3500
73 126 9000
176 177 20
117 142 3500
17 78 30
52 153 30
32 105 9000
112 155 3500
49 164 3500
15 95 9000
46 103 9000
39 69 9000
31 121 9000
80 172 30
129 141 9000
6 113 30
12 89 30
87 105 9000
66 79 9000
113 132 3500
78 150 9000
24 83 9000
82 99 3500
110 137 9000
0 37 30
68 166 9000
22 46 3500
42 178 9000
98 120 9000
67 115 9000
71 179 9000
0 18 30
150 177 3500
78 170 9000
10 33 30
7 177 30
31 83 3500
89 127 9000
95 133 30
25 45 3500
110 125 3500
156 161 10000
12 31 3500
23 41 3500
77 139 9000
4 54 30
168 178 10000
44 45 20
9 144 9000
1 122 30
16 87 30
14 29 3500
14 153 9000
12 55 3500
110 145 3500
91 152 3500
83 85 9000
143 156 9000
52 155 30
124 176 9000
20 176 9000
46 75 9000
154 174 3500
3 130 9000
155 166 9000
27 127 30
37 82 30
40 107 9000
112 168 9000
108 115 10000
98 105 10000
133 148 9000
72 117 3500
5 24 3500
2 51 30
113 153 3500
64 88 9000
27 41 3500
88 108 9000
15 135 9000
19 68 3500
48 81 30
100 131 30
97 148 9000
84 159 9000
64 100 3500
22 142 3500
9 92 3500
61 177 9000
26 120 30
162 166 10000
69 110 9000
28 41 9000
112 163 3500
70 113 3500
24 143 30
11 81 3500
82 116 3500
25 127 30
55 148 9000
18 166 30
3 124 9000
111 131 3500
72 95 9000
51 57 10000
22 86 30
52 179 9000
11 128 30
77 101 3500
133 167 9000
36 112 30
47 93 3500
133 158 3500
72 76 10000
47 114 30
153 154 0
53 78 9000
29 116 9000
55 152 30
40 151 3500
55 124 9000
16 166 30
77 162 3500
4 174 30
52 100 9000
25 50 3500
45 58 3500
3 83 3500
19 129 9000
48 172 9000
124 153 3500
34 44 3500
96 122 9000
50 137 9000
108 156 9000
29 156 9000
13 134 3500
38 147 3500
30 121 9000
47 125 3500
75 88 3500
17 63 3500
27 79 3500
57 79 9000
76 173 30
13 142 3500
34 94 30
33 121 30
21 84 9000
64 126 9000
8 120 30
63 66 10000
17 89 30
46 99 30
4 102 30
41 78 30
34 153 3500
11 90 9000
104 126 9000
18 46 3500
43 140 30
34 108 9000
123 128 10000
79 155 3500
5 63 3500
45 135 9000
85 144 3500
76 81 10000
106 145 9000
50 159 3500
18 45 3500
26 151 3500
86 178 3500
90 152 3500
61 83 9000
113 114 0
91 154 3500
69 130 9000
59 108 30
31 123 9000
124 144 3500
59 63 9000
64 160 9000
59 99 3500
5 104 3500
126 133 3500
122 160 30
90 163 30
104 147 9000
100 160 9000
7 42 3500
129 161 30
33 168 30
24 62 9000
6 46 30
51 165 3500
85 158 9000
28 174 9000
36 158 9000
156 177 3500
20 162 9000
111 135 3500
40 81 9000
121 122 0
63 126 3500
42 133 30
16 119 3500
16 141 3500
32 94 9000
30 112 3500
22 105 30
152 176 9000
84 177 9000
31 57 9000
58 72 30
41 47 10000
123 167 9000
16 50 3500
71 163 9000
93 164 9000
24 66 9000
117 131 3500
67 80 3500
77 124 9000
38 157 30
77 132 30
82 111 3500
17 73 9000
90 134 9000
32 168 30
25 26 0
7 126 30
58 101 3500
122 129 10000
154 155 20
47 56 3500
0 19 30
27 104 9000
19 20 0
37 48 9000
3 82 3500
104 111 9000
6 33 30
31 79 9000
64 66 10000
50 94 30
9 126 9000
100 142 3500
32 144 9000
22 69 3500
10 140 30
36 103 9000
7 87 9000
85 89 10000
68 83 3500
128 139 3500
0 36 30
43 49 3500
83 141 30
107 122 9000
15 25 3500
43 107 9000
43 128 9000
93 129 9000
122 125 10000
71 149 9000
33 106 30
18 81 30
59 120 30
108 110 10000
91 92 0
89 134 9000
71 100 3500
11 171 9000
31 146 9000
21 139 3500
83 157 3500
54 89 9000
32 129 9000
91 166 30
80 116 9000
68 105 3500
33 170 30
40 96 9000
18 158 9000
38 67 30
39 166 30
81 85 3500
87 151 3500
132 176 3500
38 138 9000
63 113 3500
59 60 9000
105 119 30
55 86 9000
44 87 9000
92 169 3500
60 101 3500
85 128 3500
105 151 30
40 139 9000
70 96 3500
118 125 3500
84 105 3500
18 162 30
109 117 10000
91 101 9000
52 167 3500
30 149 3500
0 159 30
11 63 3500
50 101 3500
74 121 30
53 146 30
45 72 9000
55 145 30
15 45 3500
138 156 3500
5 25 3500
70 174 9000
89 132 30
36 80 9000
25 66 9000
49 67 9000
93 175 9000
114 170 30
54 136 3500
51 95 30
142 153 9000
67 91 9000
21 101 30
74 173 30
120 158 9000
6 17 30
89 135 9000
27 72 3500
74 76 10000
3 85 9000
74 164 3500
18 173 30
91 127 9000
33 149 3500
35 87 9000
63 75 9000
72 113 3500
30 47 3500
25 153 3500
79 167 9000
10 113 30
121 137 3500
96 162 3500
57 108 30
91 105 3500
31 61 9000
30 60 9000
111 132 3500
71 111 3500
117 120 3500
78 119 3500
36 149 9000
4 59 30
65 130 3500
11 24 9000
1 63 3500
8 147 30
22 80 9000
78 137 9000
15 26 9000
3 144 9000
85 145 3500
82 119 9000
10 22 30
24 57 3500
28 99 9000
38 46 10000
69 170 30
130 164 9000
127 128 0
12 140 3500
126 145 3500
2 36 30
121 140 3500
73 149 3500
48 131 30
68 140 3500
75 81 10000
42 163 9000
2 97 30
20 137 3500
16 111 9000
22 104 30
133 144 9000
71 127 3500
83 88 3500
27 63 30
40 164 30
9 43 3500
31 124 9000
76 155 3500
19 39 3500
77 161 3500
114 149 9000
45 67 30
70 118 9000
4 38 30
149 178 3500
36 52 3500
45 109 30
84 148 3500
103 159 3500
82 164 9000
14 100 30
6 105 30
60 95 3500
30 150 3500
10 99 30
8 129 30
33 78 3500
83 133 30
33 116 3500
49 154 9000
20 138 3500
49 176 3500
23 72 9000
35 118 9000
46 116 9000
44 94 3500
14 126 3500
95 119 30
91 141 9000
35 48 9000
30 37 3500
80 98 3500
2 104 30
107 174 3500
2 177 30
76 148 9000
36 157 9000
52 91 9000
40 44 10000
128 178 3500
7 171 30
8 50 30
7 37 3500
37 125 3500
60 105 9000
0 75 30
41 50 3500
8 61 30
77 115 9000
88 123 3500
58 158 3500
100 130 30
19 174 30
39 168 3500
20 54 9000
23 171 9000
111 159 3500
125 168 3500
45 143 9000
8 103 30
111 130 3500
129 147 9000
161 172 9000
38 80 9000
4 160 30
69 93 3500
45 111 9000
48 144 9000
12 67 3500
52 136 3500
36 69 9000
15 151 30
106 143 9000
32 111 3500
48 156 3500
29 179 30
74 75 20
31 82 3500
122 153 9000
59 152 9000
7 46 3500
56 115 9000
133 179 9000
115 152 3500
27 177 30
24 152 3500
37 99 30
4 97 30
106 146 9000
47 146 3500
5 165 30
60 121 3500
83 89 3500
93 149 3500
112 143 3500
9 62 9000
67 113 9000
10 116 30
18 94 9000
89 179 9000
96 146 9000
11 56 3500
71 172 9000
45 122 3500
49 159 3500
148 153 10000
70 145 30
102 108 9000
5 45 9000
138 152 30
18 19 20
111 113 10000
79 85 3500
31 104 9000
59 179 3500
28 167 9000
89 151 9000
43 55 9000
142 175 3500
10 40 30
35 166 3500
37 140 30
103 115 9000
109 134 3500
68 111 9000
5 102 3500
44 152 3500
4 179 30
84 143 30
5 50 3500
9 148 30
82 103 3500
123 127 10000
76 111 3500
49 163 9000
38 115 30
109 170 9000
1 157 9000
157 179 9000
9 137 30
34 57 3500
16 161 30
130 160 9000
128 171 3500
65 112 9000
36 147 3500
137 146 30
64 84 3500
101 151 30
8 42 30
92 127 3500
9 86 3500
19 67 9000
163 174 9000
79 87 3500
153 157 3500
137 152 30
6 106 30
8 107 30
134 151 30
21 37 9000
28 93 9000
39 97 30
81 119 3500
58 120 30
122 138 3500
60 179 9000
149 174 9000
113 177 30
62 123 3500
9 105 9000
112 179 9000
11 167 9000
17 132 9000
114 165 9000
10 93 30
22 47 3500
68 133 3500
78 127 9000
31 50 9000
16 51 3500
83 147 9000
82 134 30
57 175 3500
107 126 30
80 164 3500
3 159 9000
0 78 30
37 71 9000
82 138 9000
164 168 3500
27 175 9000
20 52 9000
112 159 9000
19 50 3500
41 54 9000
56 160 3500
3 6 10000
31 90 30
1 75 3500
35 161 9000
13 172 9000
9 77 9000
106 162 3500
150 153 10000
51 71 30
94 136 30
28 62 30
86 93 10000
39 143 9000
17 39 3500
53 77 9000
118 134 3500
13 105 30
101 118 9000
21 24 3500
30 172 9000
100 106 10000
95 128 3500
124 126 10000
10 15 30
122 165 30
142 170 3500
14 133 3500
37 66 9000
15 93 9000
71 105 9000
74 98 3500
66 125 9000
87 129 9000
80 157 3500
3 81 3500
112 116 10000
56 137 9000
34 40 3500
167 170 3500
10 56 30
109 179 9000
80 107 3500
23 150 30
6 10 10000
123 144 3500
106 142 9000
70 130 3500
113 146 3500
83 101 3500
123 172 9000
114 152 3500
31 151 3500
24 43 3500
13 120 3500
133 160 3500
93 176 3500
4 168 30
10 155 30
120 140 3500
56 170 9000
79 83 10000
16 80 30
22 174 9000
45 125 9000
28 36 3500
114 155 3500
38 153 3500
3 114 30
87 130 3500
34 96 30
107 142 9000
13 65 3500
125 154 3500
69 100 9000
40 124 3500
43 144 3500
145 166 9000
92 158 9000
59 127 9000
9 64 3500
70 162 9000
10 81 30
143 167 9000
32 70 9000
166 169 9000
48 121 30
15 161 9000
1 102 9000
124 130 10000
148 174 9000
32 109 3500
117 125 3500
153 168 3500
55 133 3500
146 156 3500
7 101 3500
56 129 9000
53 93 9000
59 126 9000
71 132 3500
41 127 3500
9 34 3500
62 131 9000
59 82 30
89 146 3500
55 153 30
47 137 9000
21 99 30
34 146 3500
75 77 10000
9 51 9000
44 120 3500
159 164 10000
42 121 3500
80 104 3500
106 161 3500
47 95 9000
100 149 30
39 44 10000
20 41 3500
5 179 9000
93 120 3500
90 101 9000
70 92 9000
13 41 3500
74 170 9000
15 49 3500
125 135 3500
8 92 30
34 152 3500
90 129 3500
11 34 9000
59 170 3500
10 164 30
0 115 30
98 149 30
2 52 30
10 137 30
21 159 9000
10 41 30
13 111 3500
42 94 3500
46 58 9000
69 154 30
109 169 9000
92 120 3500
120 133 9000
6 26 30
114 175 30
154 169 9000
110 113 10000
58 140 3500
30 114 3500
12 164 9000
14 105 30
19 43 9000
142 162 3500
6 56 30
104 121 9000
126 140 3500
59 76 9000
71 82 9000
37 89 3500
46 93 3500
70 158 30
47 123 3500
95 179 3500
81 151 3500
85 111 30
73 118 9000
13 163 30
34 82 9000
3 47 9000
42 54 9000
4 167 30
27 116 3500
16 75 30
50 75 9000
22 139 9000
6 131 30
115 124 9000
97 145 9000
48 119 30
76 116 3500
34 85 30
38 87 9000
5 169 9000
27 167 3500
119 179 9000
63 105 3500
77 108 3500
134 146 30
75 113 3500
56 178 3500
49 165 3500
39 165 30
31 33 10000
10 85 30
59 91 9000
55 140 9000
127 156 9000
111 169 9000
41 107 9000
3 175 30
2 112 30
29 70 9000
43 73 30
61 176 9000
103 129 9000
98 118 30
26 157 3500
84 123 3500
39 58 3500
68 72 3500
82 169 9000
72 145 3500
19 155 9000
17 51 3500
35 117 3500
20 101 30
38 168 3500
13 116 3500
91 146 3500
2 175 30
71 151 9000
136 172 3500
87 95 10000
36 95 9000
116 154 3500
2 67 30
26 179 30
37 52 3500
37 170 3500
11 148 30
141 153 30
42 125 3500
124 175 3500
80 113 3500
29 133 30
102 107 10000
28 53 3500
59 74 30
67 77 9000
16 103 9000
115 137 3500
8 65 30
17 67 9000
17 46 3500
130 175 3500
9 49 3500
5 32 9000
68 93 3500
23 93 30
90 99 3500
14 158 9000
27 125 30
67 141 3500
34 78 3500
106 140 3500
65 141 3500
59 177 3500
54 58 10000
98 174 9000
29 46 3500
34 134 9000
96 116 9000
16 152 9000
115 125 9000
36 159 9000
67 137 3500
80 179 30
10 169 30
146 162 3500
41 80 9000
59 67 9000
38 150 3500
67 151 9000
148 156 3500
36 116 9000
56 140 3500
58 86 30
1 171 9000
2 109 30
134 153 30
9 52 3500
119 158 3500
132 168 9000
28 102 9000
4 166 30
7 10 10000
109 116 10000
84 178 3500
108 118 10000
13 17 10000
2 144 30
20 69 9000
9 110 30
17 84 9000
37 136 9000
93 174 9000
44 75 9000
30 155 3500
49 115 9000
18 88 30
48 114 9000
69 157 9000
5 94 3500
72 136 9000
41 115 9000
62 137 9000
122 178 3500
29 79 9000
115 119 10000
56 104 9000
50 142 3500
59 84 30
50 105 9000
52 57 10000
61 100 3500
83 170 9000
56 88 9000
104 143 3500
31 137 30
22 118 9000
56 148 9000
71 165 30
15 111 3500
105 155 30
34 179 9000
79 171 9000
47 104 30
5 121 9000
1 135 30
85 121 9000
56 64 9000
42 112 9000
6 145 30
111 149 3500
34 125 30
59 146 9000
3 122 9000
61 153 30
158 179 3500
31 167 9000
3 69 9000
2 81 30
38 68 9000
67 94 3500
34 136 30
35 36 9000
13 133 3500
53 173 3500
120 154 9000
44 102 9000
104 124 9000
14 83 9000
6 74 30
101 108 9000
66 135 3500
10 47 30
21 125 3500
21 34 3500
19 131 3500
45 112 30
97 117 9000
36 166 9000
52 60 30
13 113 3500
15 106 9000
48 67 9000
60 110 3500
122 146 9000
49 116 30
18 50 3500
103 119 9000
70 163 9000
104 138 3500
103 153 9000
55 123 30
5 110 30
40 85 3500
11 124 30
103 105 10000
115 127 9000
19 117 9000
5 163 30
113 152 3500
24 30 10000
75 168 30
9 101 3500
101 137 9000
171 174 10000
79 118 3500
6 144 30
20 130 9000
44 95 3500
72 112 3500
161 164 10000
130 148 3500
37 68 9000
52 149 9000
88 176 3500
57 95 30
45 141 9000
102 171 3500
65 129 3500
23 88 30
105 178 3500
49 152 9000
45 178 3500
20 43 3500
19 102 9000
79 156 9000
61 119 9000
31 42 9000
79 165 3500
142 154 9000
8 43 30
28 45 3500
8 55 30
69 75 9000
64 72 3500
88 132 30
30 66 30
13 25 9000
3 14 9000
80 81 20
60 102 3500
135 172 9000
27 136 9000
61 94 3500
24 64 9000
103 166 3500
136 164 3500
76 100 3500
88 148 9000
6 31 30
25 43 3500
65 84 3500
89 126 9000
61 174 9000
95 102 3500
65 107 9000
63 77 3500
45 92 9000
45 104 30
26 64 30
151 159 3500
87 116 30
10 90 30
107 176 9000
55 160 3500
36 46 10000
143 158 3500
33 176 30
126 128 10000
88 89 20
145 157 9000
80 134 9000
81 124 9000
8 127 30
101 105 10000
38 117 9000
29 40 9000
102 174 3500
111 172 30
95 162 9000
3 147 30
46 95 9000
70 80 3500
4 77 30
2 60 30
104 119 30
26 87 9000
31 161 3500
1 23 9000
35 132 30
57 67 9000
18 156 30
79 146 3500
33 71 9000
123 138 3500
20 91 9000
85 107 9000
94 142 30
42 152 9000
88 118 9000
64 128 3500
77 128 9000
50 59 10000
87 122 9000
25 84 30
11 154 9000
43 89 9000
82 97 9000
71 128 9000
125 130 10000
84 158 9000
86 96 3500
76 163 3500
86 167 30
29 169 30
139 147 30
91 162 30
53 159 9000
98 143 3500
20 175 30
31 115 3500
41 53 9000
12 170 9000
6 72 30
22 165 9000
110 114 10000
13 66 3500
68 80 9000
163 173 9000
65 172 9000
150 172 9000
6 67 30
98 152 9000
18 111 9000
111 145 3500
45 119 30
20 157 9000
46 149 9000
61 143 3500
59 148 9000
21 66 3500
81 111 9000
124 168 3500
52 71 30
67 93 3500
65 134 3500
4 140 30
65 123 3500
68 103 9000
50 73 9000
13 128 3500
26 86 9000
4 172 30
42 90 9000
7 176 30
99 113 30
87 162 30
39 148 3500
3 55 3500
67 130 3500
80 135 9000
53 132 3500
73 87 3500
21 33 9000
85 117 30
54 166 3500
6 135 30
58 84 30
26 102 30
113 165 9000
87 171 3500
124 167 9000
27 154 9000
128 156 9000
20 61 3500
7 147 9000
42 160 9000
0 7 10000
84 111 30
20 170 9000
45 172 3500
9 30 9000
78 112 9000
56 162 3500
121 148 3500
60 113 3500
85 92 10000
85 116 30
16 62 3500
81 142 9000
6 155 30
25 172 9000
83 128 30
78 164 3500
12 81 9000
43 126 3500
38 85 3500
108 163 3500
42 115 9000
18 38 3500
125 126 0
1 156 9000
37 149 9000
89 138 30
107 108 30
13 118 9000
107 172 3500
25 106 30
8 152 30
72 177 9000
37 112 30
8 101 30
61 77 3500
36 49 9000
26 174 9000
141 170 3500
107 133 9000
163 168 3500
81 179 30
27 82 3500
85 105 3500
29 162 3500
93 95 10000
95 136 30
58 112 9000
155 160 3500
103 127 30
34 115 3500
91 125 9000
139 179 3500
133 161 3500
33 83 3500
101 128 9000
34 56 3500
15 51 3500
29 55 3500
5 98 3500
87 159 9000
142 155 9000
2 30 30
52 154 30
72 83 0
31 147 9000
63 149 9000
34 138 30
81 86 9000
5 136 9000
25 74 3500
25 121 30
11 177 9000
2 88 30
78 117 3500
20 178 30
85 169 3500
24 25 20
59 104 3500
1 108 9000
103 134 3500
11 93 3500
103 140 3500
138 157 3500
15 128 3500
15 126 3500
14 142 3500
63 87 3500
134 159 9000
92 143 9000
146 159 9000
87 109 30
29 39 3500
37 124 3500
56 138 9000
23 112 3500
12 74 9000
47 152 3500
135 159 9000
50 168 3500
98 107 10000
118 126 3500
57 94 30
93 169 3500
139 174 3500
22 153 9000
43 105 9000
83 172 9000
37 179 3500
85 90 10000
101 135 3500
118 132 9000
21 51 3500
137 145 9000
73 117 3500
43 63 9000
89 117 9000
93 99 9000
123 131 10000
146 175 3500
53 147 30
61 134 9000
5 167 9000
80 99 3500
57 143 3500
104 130 9000
28 166 9000
58 139 3500
2 158 30
98 128 9000
96 106 10000
72 88 3500
12 82 9000
15 29 3500
73 75 10000
50 147 30
41 84 3500
34 43 3500
57 71 30
17 103 9000
9 36 9000
49 119 30
58 154 9000
18 130 3500
19 84 9000
158 171 9000
20 24 3500
3 21 9000
10 102 30
39 169 3500
70 84 3500
33 155 9000
53 124 9000
84 100 3500
75 175 30
127 147 3500
148 151 10000
122 136 3500
126 147 3500
98 132 3500
11 172 9000
99 114 30
50 164 3500
21 47 9000
36 40 10000
29 170 30
38 128 3500
39 146 3500
16 56 3500
3 137 30
29 60 9000
29 123 9000
58 137 3500
115 172 30
9 131 9000
67 68 0
95 108 30
42 96 9000
4 113 30
17 62 3500
28 82 3500
71 141 9000
73 105 3500
102 109 9000
100 128 9000
70 74 3500
48 167 3500
41 95 3500
69 132 3500
9 16 3500
33 119 3500
9 125 9000
158 172 3500
35 60 9000
113 156 3500
24 129 9000
118 178 9000
90 128 3500
3 101 3500
100 140 3500
1 30 3500
8 116 30
109 112 10000
44 68 9000
136 157 3500
126 167 9000
136 143 10000
2 148 30
6 14 30
108 167 9000
82 86 3500
62 139 9000
74 168 30
43 79 30
132 134 10000
6 126 30
45 63 9000
60 132 3500
154 156 9000
126 151 9000
24 31 10000
42 91 9000
140 159 9000
19 176 9000
25 77 3500
152 173 3500
12 41 3500
28 86 9000
53 108 9000
7 49 9000
38 42 10000
10 153 30
143 170 3500
29 57 9000
36 169 3500
25 59 9000
142 179 9000
76 106 3500
69 98 3500
47 162 9000
20 177 9000
50 157 9000
106 176 9000
58 108 30
14 167 9000
115 120 3500
57 116 30
58 132 9000
114 143 3500
43 156 30
54 88 9000
103 111 9000
8 165 30
152 174 3500
115 170 30
1 109 9000
84 108 30
20 132 3500
46 105 30
22 24 9000
102 165 3500
22 29 3500
92 132 9000
91 106 3500
29 52 3500
117 175 30
1 103 9000
97 132 9000
88 110 9000
11 60 9000
18 137 3500
95 152 9000
136 147 30
13 78 9000
14 60 3500
66 164 30
60 111 3500
44 150 3500
79 178 30
105 142 3500
44 115 30
20 42 3500
85 171 9000
100 170 3500
77 151 9000
28 108 3500
70 133 3500
95 167 9000
52 89 9000
91 100 9000
11 112 9000
26 133 9000
22 102 30
97 163 3500
61 162 9000
2 53 30
47 72 30
18 92 30
53 89 9000
28 48 3500
25 39 3500
26 148 3500
20 74 30
6 16 30
87 120 3500
101 112 9000
26 99 9000
62 65 10000
94 113 9000
5 139 9000
164 173 3500
52 88 9000
78 122 9000
117 158 3500
84 112 9000
20 174 30
80 118 3500
63 157 9000
90 140 9000
131 175 3500
45 62 9000
9 119 9000
101 153 9000
13 88 30
22 39 9000
125 176 9000
16 167 30
12 112 3500
100 121 30
6 23 30
55 161 3500
108 132 9000
1 7 10000
146 163 3500
151 165 3500
10 130 30
36 178 3500
131 149 3500
36 61 9000
34 104 9000
15 70 3500
133 149 9000
84 116 30
82 145 3500
5 116 30
24 55 3500
54 138 3500
43 75 9000
47 171 3500
141 169 3500
56 105 9000
50 177 9000
33 110 3500
27 57 3500
27 90 9000
28 161 3500
153 161 3500
5 58 9000
0 14 30
108 111 10000
54 77 9000
64 141 3500
159 167 10000
103 123 9000
29 140 9000
25 116 3500
33 100 30
60 135 9000
14 86 9000
106 111 9000
41 136 9000
79 115 9000
68 139 9000
110 142 3500
24 88 30
27 66 30
106 168 3500
85 164 9000
84 167 9000
144 173 3500
99 134 9000
44 177 9000
114 173 30
140 157 3500
39 94 3500
20 165 9000
14 49 3500
35 100 30
120 131 0
49 145 9000
34 123 9000
65 167 30
68 143 3500
32 164 9000
34 89 30
103 171 3500
48 65 9000
103 179 9000
97 109 30
23 165 9000
37 158 9000
47 124 3500
120 145 9000
35 124 30
138 168 3500
9 130 9000
22 48 3500
70 72 9000
13 68 3500
43 91 9000
106 165 9000
58 141 3500
10 138 30
51 116 30
71 142 3500
40 141 30
27 176 30
14 106 9000
9 71 3500
1 142 9000
115 142 3500
46 49 9000
21 111 3500
19 73 9000
18 142 9000
152 175 3500
43 158 30
141 162 3500
31 179 30
40 52 9000
150 171 3500
100 101 20
72 143 30
65 100 3500
40 149 3500
72 96 9000
20 139 3500
14 26 9000
12 37 3500
52 107 3500
48 83 30
57 134 3500
43 98 9000
8 54 30
13 122 3500
130 139 3500
4 141 30
66 178 30
5 8 10000
59 117 30
32 130 30
34 51 3500
34 81 3500
31 55 3500
36 173 9000
53 161 3500
76 128 9000
3 105 9000
13 44 9000
126 156 9000
20 72 9000
51 139 9000
36 171 3500
41 89 9000
54 123 30
91 149 9000
60 87 9000
105 112 30
99 125 9000
31 170 30
140 174 9000
92 150 3500
4 149 30
46 52 3500
52 69 30
13 153 9000
11 53 9000
34 67 9000
16 121 3500
66 100 3500
53 164 9000
2 106 30
75 122 30
27 80 9000
77 89 9000
51 160 3500
12 150 30
91 110 9000
88 98 3500
112 142 3500
26 91 9000
113 179 9000
113 129 3500
110 133 3500
8 136 30
108 150 3500
127 175 3500
83 140 30
21 107 9000
12 135 3500
46 63 9000
76 109 3500
59 123 30
15 34 3500
24 113 3500
100 162 9000
145 174 3500
69 141 3500
113 150 9000
84 99 3500
93 167 30
101 140 3500
1 144 9000
5 143 9000
68 106 3500
95 114 9000
22 156 30
77 133 30
32 92 9000
136 177 9000
49 92 30
65 103 3500
91 134 9000
86 99 9000
119 149 3500
79 119 3500
46 124 3500
61 65 10000
16 177 9000
19 163 30
117 143 3500
44 82 9000
28 94 30
148 161 9000
47 99 30
11 82 9000
157 162 10000
107 127 30
22 166 30
78 168 30
43 138 9000
17 69 3500
53 166 3500
21 79 30
15 171 9000
125 149 9000
15 131 9000
59 116 30
57 102 3500
2 179 30
38 109 30
66 154 9000
112 113 20
48 51 10000
23 162 30
29 59 3500
0 85 30
21 94 9000
84 120 9000
52 74 30
42 148 3500
82 133 30
20 160 9000
70 138 3500
112 149 9000
144 170 3500
77 175 30
129 149 3500
47 126 3500
99 166 9000
54 81 30
83 117 3500
77 83 10000
126 170 9000
80 167 3500
1 65 3500
6 151 30
15 165 9000
95 169 3500
111 150 3500
73 103 3500
52 117 9000
122 156 9000
7 55 3500
9 84 9000
99 101 10000
64 154 9000
68 81 9000
8 141 30
4 163 30
1 126 30
30 115 3500
74 153 3500
59 86 30
4 40 30
26 161 3500
10 178 30
89 154 3500
30 164 3500
19 177 9000
16 160 30
6 87 30
7 170 30
32 107 30
99 126 9000
85 174 3500
25 109 9000
80 101 9000
93 162 30
113 138 3500
43 141 30
39 83 9000
75 84 3500
71 103 3500
74 111 9000
11 147 30
109 119 10000
76 171 9000
135 162 3500
14 18 10000
36 156 9000
8 14 30
64 172 9000
7 154 9000
149 177 3500
50 135 3500
88 141 9000
35 68 9000
47 175 9000
79 160 3500
23 75 9000
21 134 9000
67 98 3500
98 156 9000
151 152 0
69 125 3500
114 163 3500
66 119 3500
113 161 3500
37 106 30
1 74 3500
55 101 9000
49 79 9000
67 72 3500
17 61 3500
48 53 10000
12 119 9000
62 95 9000
52 175 3500
62 120 9000
126 164 30
0 98 30
135 153 30
17 43 9000
64 174 9000
47 153 3500
5 158 30
56 79 9000
9 152 30
15 80 30
73 165 9000
11 25 9000
83 97 9000
25 71 9000
85 133 30
120 156 9000
8 66 30
0 46 30
0 33 30
26 173 9000
0 25 30
44 140 9000
29 99 9000
19 81 30
24 101 30
10 80 30
55 142 3500
122 145 3500
60 146 30
11 57 3500
94 149 3500
15 76 30
7 146 9000
100 152 9000
10 28 30
10 95 30
5 155 9000
57 159 3500
111 174 30
12 149 30
75 120 30
39 78 9000
35 138 30
83 145 3500
72 116 3500
90 133 30
122 149 3500
53 88 9000
65 108 3500
2 157 30
87 91 10000
36 98 30
46 111 9000
156 164 10000
1 50 3500
19 151 9000
38 152 3500
33 159 9000
135 161 3500
1 12 9000
99 121 9000
15 65 3500
2 26 30
120 132 9000
106 108 30
60 94 3500
56 159 3500
15 160 9000
144 145 20
16 60 3500
65 154 9000
25 49 9000
47 54 3500
13 84 9000
15 166 9000
4 70 30
47 68 9000
102 151 30
52 133 3500
157 172 3500
52 148 9000
154 158 3500
118 176 9000
102 159 3500
135 167 3500
39 60 30
61 173 9000
14 87 9000
36 117 9000
116 132 3500
26 117 3500
20 97 9000
15 31 3500
48 75 30
30 80 3500
32 156 3500
103 128 9000
104 161 3500
123 158 30
164 171 9000
57 69 30
53 162 3500
2 166 30
19 154 9000
114 137 3500
55 146 30
66 136 3500
157 160 10000
23 102 30
72 104 3500
55 175 3500
114 132 3500
99 159 3500
38 139 9000
20 95 9000
1 161 30
45 50 9000
125 155 3500
104 169 3500
29 135 9000
66 163 9000
72 119 9000
142 173 3500
26 65 30
76 107 3500
129 131 10000
92 129 9000
6 108 30
26 61 9000
42 117 9000
119 165 3500
76 124 9000
125 162 30
46 117 9000
83 151 3500
131 148 3500
15 44 3500
47 66 9000
101 107 10000
96 171 9000
80 117 9000
89 90 0
42 139 9000
156 163 10000
148 173 9000
49 175 9000
27 169 30
40 50 3500
108 159 3500
2 137 30
69 85 9000
85 146 9000
106 130 30
5 161 30
46 86 3500
0 80 30
53 68 30
5 7 10000
15 40 3500
25 125 30
36 100 9000
142 145 9000
4 175 30
81 89 3500
21 115 9000
66 112 9000
85 172 3500
9 136 30
25 75 3500
1 92 3500
51 120 9000
57 151 9000
78 114 9000
115 126 9000
42 50 3500
36 90 3500
62 103 9000
26 57 3500
18 91 30
40 120 3500
62 83 3500
47 84 9000
79 149 9000
12 138 9000
1 82 9000
33 107 30
52 134 9000
121 173 3500
78 171 9000
106 125 30
71 80 3500
32 174 9000
61 64 10000
71 92 9000
44 132 9000
134 149 30
18 52 3500
113 134 9000
57 179 3500
12 120 3500
40 46 10000
67 126 9000
15 58 3500
52 158 9000
10 94 30
94 174 3500
26 69 30
104 179 3500
22 146 9000
87 124 3500
80 88 3500
17 167 30
1 35 9000
24 72 9000
86 139 9000
35 62 9000
26 100 30
32 108 3500
107 140 3500
59 90 9000
94 124 3500
21 27 9000
6 35 30
2 133 30
67 135 3500
99 170 3500
2 105 30
45 94 3500
91 138 30
0 133 30
112 161 3500
9 157 9000
56 109 30
90 139 30
33 94 9000
77 176 9000
131 146 3500
53 56 10000
23 55 3500
72 161 3500
121 135 3500
40 132 30
29 30 0
142 166 9000
41 145 3500
20 82 9000
54 98 3500
53 117 9000
48 132 9000
37 57 3500
116 139 9000
53 172 3500
55 67 9000
107 151 9000
10 71 30
48 168 3500
26 169 30
39 54 3500
12 107 9000
20 179 30
69 140 3500
5 166 9000
33 56 3500
107 144 9000
16 117 9000
116 138 9000
22 162 30
57 167 9000
96 142 9000
142 177 3500
74 137 9000
128 160 30
145 149 10000
119 139 3500
49 153 9000
15 157 9000
1 9 10000
120 144 9000
95 171 9000
92 165 9000
94 100 3500
72 135 30
133 164 3500
79 109 3500
32 155 9000
2 68 30
14 34 3500
8 135 30
87 127 3500
12 60 9000
37 127 3500
94 116 30
39 141 9000
46 77 30
97 123 9000
40 45 10000
64 165 30
84 92 10000
30 79 9000
46 69 9000
138 169 3500
113 162 3500
89 122 3500
87 134 9000
158 169 3500
126 152 3500
30 72 3500
122 171 3500
16 41 9000
9 140 30
73 93 3500
43 114 9000
36 73 30
92 98 9000
107 178 3500
40 51 3500
24 148 9000
79 116 3500
29 89 30
27 74 9000
5 83 3500
1 132 9000
16 76 30
72 107 9000
2 169 30
10 125 30
35 43 3500
79 137 9000
48 111 30
112 120 3500
54 82 30
86 126 3500
27 69 30
96 170 9000
10 127 30
62 109 3500
127 132 3500
14 108 3500
64 117 3500
55 107 3500
81 117 9000
16 104 9000
38 111 9000
24 107 30
32 117 3500
98 176 3500
98 129 9000
26 178 30
57 141 3500
162 173 9000
83 173 9000
69 103 9000
23 78 9000
67 75 3500
17 19 10000
101 177 3500
124 164 30
94 123 3500
44 50 9000
102 124 30
105 132 3500
129 178 3500
112 115 10000
55 97 3500
170 179 10000
34 117 3500
21 144 30
28 141 9000
14 24 3500
74 140 9000
54 169 9000
10 179 30
34 45 3500
28 89 30
25 138 30
2 46 30
51 54 10000
68 165 9000
71 158 30
8 93 30
51 89 9000
45 175 3500
47 110 9000
109 133 9000
25 115 3500
22 148 30
33 81 9000
63 128 3500
77 100 3500
8 41 30
24 99 9000
145 175 3500
120 141 3500
71 147 30
58 94 30
57 112 9000
84 102 3500
6 117 30
22 145 30
97 168 3500
40 56 3500
46 179 3500
121 162 9000
60 62 10000
29 120 9000
39 59 3500
9 109 9000
87 94 10000
4 91 30
17 31 9000
2 139 30
37 46 10000
4 155 30
66 149 9000
6 115 30
11 105 3500
88 131 3500
72 166 3500
66 167 30
100 114 9000
148 175 9000
6 125 30
68 127 3500
46 157 9000
74 86 9000
21 93 9000
23 142 3500
68 130 9000
89 114 9000
121 125 10000
75 156 3500
35 121 30
134 170 3500
18 151 9000
164 172 3500
89 159 9000
89 105 3500
13 149 30
43 125 3500
23 50 9000
33 146 3500
28 159 3500
45 138 9000
112 146 3500
101 109 9000
12 162 30
2 64 30
16 71 3500
63 176 30
26 77 3500
9 18 3500
37 133 30
55 103 9000
144 162 3500
114 171 30
73 101 3500
34 140 9000
81 157 3500
101 122 9000
41 152 9000
1 51 3500
35 81 3500
30 103 9000
32 95 9000
68 151 9000
47 132 30
20 154 30
69 79 3500
55 80 30
149 162 9000
19 66 9000
61 151 9000
52 78 9000
8 53 30
115 132 3500
40 163 9000
103 117 9000
10 27 30
68 162 9000
18 132 9000
80 120 30
21 133 3500
81 114 3500
16 28 9000
54 177 3500
1 13 9000
54 63 30
74 103 9000
133 169 9000
46 134 30
111 178 9000
118 137 3500
24 104 9000
18 172 30
77 147 3500
39 160 9000
10 25 30
104 171 3500
46 113 30
30 81 3500
156 160 10000
115 157 3500
37 173 9000
11 142 9000
68 124 3500
67 144 9000
66 94 3500
87 158 9000
123 132 3500
62 156 9000
59 178 3500
97 111 9000
41 51 3500
63 78 3500
40 69 9000
92 167 30
18 39 3500
82 174 9000
41 87 3500
3 80 3500
165 168 3500
15 88 9000
68 114 3500
59 135 3500
112 171 30
165 171 9000
57 84 30
58 80 30
35 42 3500
81 172 30
116 170 30
34 88 30
131 173 3500
36 59 9000
120 152 3500
38 133 9000
104 105 20
27 99 9000
19 152 9000
3 143 9000
14 140 9000
123 171 3500
80 162 9000
96 126 30
110 159 3500
5 57 3500
27 114 9000
119 126 3500
113 131 3500
19 48 9000
70 99 9000
51 135 3500
7 166 9000
156 179 9000
42 172 3500
105 148 30
172 176 10000
44 57 9000
154 163 3500
21 91 9000
100 172 3500
2 170 30
57 144 30
70 89 3500
32 167 3500
129 174 9000
1 56 3500
6 21 30
48 143 9000
57 119 30
87 168 3500
28 58 3500
15 89 9000
9 162 9000
35 86 9000
71 84 3500
34 157 3500
23 167 30
65 83 3500
120 173 3500
110 112 10000
69 116 9000
2 141 30
0 141 30
86 147 3500
37 61 9000
8 22 30
10 84 30
52 160 3500
